       0.000  0.000E+00  0.000E+00  0.000E+00
       9.350 -0.297E-04 -0.994E-08 -0.158E-04
      33.995 -0.108E-03 -0.994E-08 -0.158E-04
      68.242 -0.217E-03 -0.994E-08 -0.158E-04
     113.403 -0.362E-03 -0.994E-08 -0.158E-04
     169.511 -0.541E-03 -0.994E-08 -0.159E-04
     235.748 -0.753E-03 -0.994E-08 -0.159E-04
     313.570 -0.100E-02 -0.994E-08 -0.159E-04
     405.509 -0.129E-02 -0.994E-08 -0.160E-04
     512.150 -0.163E-02 -0.994E-08 -0.160E-04
     633.837 -0.200E-02 -0.994E-08 -0.161E-04
     746.889 -0.233E-02 -0.994E-08 -0.162E-04
     746.906 -0.243E-02 -0.981E-08 -0.162E-04
     771.896 -0.252E-02 -0.981E-08 -0.162E-04
     930.786 -0.298E-02 -0.981E-08 -0.163E-04
    1107.049 -0.347E-02 -0.940E-08 -0.161E-04
    1300.842 -0.399E-02 -0.705E-08 -0.150E-04
    1512.367 -0.449E-02 -0.454E-08 -0.137E-04
    1742.022 -0.498E-02 -0.187E-08 -0.124E-04
    1990.027 -0.542E-02  0.941E-09 -0.109E-04
    2256.207 -0.579E-02  0.384E-08 -0.940E-05
    2540.399 -0.606E-02  0.551E-08 -0.782E-05
    2842.644 -0.624E-02  0.764E-08 -0.803E-05
    3162.955 -0.640E-02  0.894E-08 -0.107E-04
    3501.124 -0.654E-02  0.643E-08 -0.116E-04
    3856.975 -0.665E-02  0.446E-08 -0.990E-05
    4230.515 -0.674E-02  0.572E-08 -0.978E-05
    4621.662 -0.679E-02  0.585E-08 -0.123E-04
    5030.097 -0.682E-02  0.402E-08 -0.124E-04
    5454.177 -0.680E-02  0.221E-08 -0.103E-04
    5890.780 -0.674E-02  0.155E-08 -0.694E-05
    6336.192 -0.664E-02  0.197E-08 -0.371E-05
    6786.316 -0.650E-02  0.201E-08 -0.892E-06
    7236.553 -0.633E-02  0.164E-08  0.604E-06
    7684.138 -0.612E-02  0.124E-08 -0.714E-06
    8128.710 -0.589E-02  0.821E-09 -0.162E-05
    8570.163 -0.562E-02  0.542E-09 -0.396E-06
    9008.430 -0.534E-02  0.400E-09  0.835E-06
    9443.447 -0.502E-02  0.315E-09  0.199E-05
    9875.219 -0.469E-02  0.257E-09  0.299E-05
   10303.743 -0.433E-02  0.194E-09  0.311E-05
   10729.089 -0.396E-02  0.142E-09  0.309E-05
   11151.360 -0.356E-02  0.101E-09  0.187E-05
   11570.663 -0.315E-02  0.674E-10 -0.480E-06
   11987.188 -0.271E-02  0.431E-10 -0.279E-05
   12401.173 -0.226E-02  0.258E-10 -0.403E-05
   12812.863 -0.178E-02  0.149E-10 -0.443E-05
   13222.548 -0.128E-02  0.807E-11 -0.395E-05
   13630.464 -0.752E-03  0.353E-11 -0.250E-05
   14036.848 -0.197E-03  0.644E-12 -0.210E-06
   14450.858  0.000E+00  0.000E+00 -0.505E-06
   14887.120  0.000E+00  0.000E+00 -0.235E-05
   15353.501  0.000E+00  0.000E+00 -0.369E-05
   15856.110  0.000E+00  0.000E+00 -0.451E-05
   16403.342  0.000E+00  0.000E+00 -0.444E-05
   17006.129  0.000E+00  0.000E+00 -0.389E-05
   17678.516  0.000E+00  0.000E+00 -0.347E-05
   18439.697  0.000E+00  0.000E+00 -0.330E-05
   19317.049  0.000E+00  0.000E+00 -0.317E-05
   20351.734  0.000E+00  0.000E+00 -0.285E-05
   21608.959  0.000E+00  0.000E+00 -0.325E-05
   23202.557  0.000E+00  0.000E+00 -0.695E-05
   25368.217  0.000E+00  0.000E+00 -0.958E-05
   28733.082  0.000E+00  0.000E+00 -0.143E-04
   36250.008  0.000E+00  0.000E+00 -0.115E-03
