
nudging time scales and initial profiles
height    t_nudge    u_nudge    v_nudge    w_nudge    thl_nudge    qt_nudge
# 0.0
       0.000  0.360E+04       0.000       0.000       0.000     289.255  0.103E-01
       9.350  0.360E+04      -1.765      -6.463       0.000     289.506  0.103E-01
      33.995  0.360E+04      -1.902      -6.933       0.000     289.506  0.103E-01
      68.242  0.360E+04      -1.975      -7.169       0.000     289.506  0.103E-01
     113.403  0.360E+04      -2.031      -7.334       0.000     289.507  0.103E-01
     169.511  0.360E+04      -2.085      -7.471       0.000     289.507  0.103E-01
     235.748  0.360E+04      -2.139      -7.587       0.000     289.508  0.103E-01
     313.570  0.360E+04      -2.197      -7.678       0.000     289.508  0.103E-01
     405.509  0.360E+04      -2.279      -7.747       0.000     289.509  0.103E-01
     512.150  0.360E+04      -2.397      -7.736       0.000     289.509  0.103E-01
     633.837  0.360E+04      -2.496      -7.474       0.000     289.510  0.103E-01
     746.889  0.360E+04      -2.573      -7.119       0.000     289.511  0.103E-01
     746.906  0.360E+04      -2.573      -7.119       0.000     300.889  0.375E-02
     771.896  0.360E+04      -2.589      -7.043       0.000     301.027  0.375E-02
     930.786  0.360E+04      -2.532      -6.415       0.000     301.897  0.375E-02
    1107.049  0.360E+04      -2.216      -5.834       0.000     302.845  0.375E-02
    1300.842  0.360E+04      -1.720      -5.278       0.000     303.869  0.375E-02
    1512.367  0.360E+04      -1.178      -4.756       0.000     304.964  0.375E-02
    1742.022  0.360E+04      -0.643      -4.207       0.000     306.127  0.380E-02
    1990.027  0.360E+04      -0.143      -3.599       0.000     307.353  0.383E-02
    2256.207  0.360E+04       0.306      -2.912       0.000     308.495  0.370E-02
    2540.399  0.360E+04       0.695      -2.162       0.000     309.576  0.347E-02
    2842.644  0.360E+04       1.031      -1.382       0.000     310.644  0.316E-02
    3162.955  0.360E+04       1.357      -0.568       0.000     311.844  0.272E-02
    3501.124  0.360E+04       1.760       0.256       0.000     313.226  0.229E-02
    3856.975  0.360E+04       2.209       1.061       0.000     314.655  0.203E-02
    4230.515  0.360E+04       2.628       1.778       0.000     316.117  0.176E-02
    4621.662  0.360E+04       2.904       2.429       0.000     317.747  0.140E-02
    5030.097  0.360E+04       3.079       3.085       0.000     319.555  0.110E-02
    5454.177  0.360E+04       3.287       3.812       0.000     321.312  0.907E-03
    5890.780  0.360E+04       3.612       4.665       0.000     322.977  0.801E-03
    6336.192  0.360E+04       4.106       5.534       0.000     324.532  0.686E-03
    6786.316  0.360E+04       4.748       6.273       0.000     326.021  0.543E-03
    7236.553  0.360E+04       5.296       6.861       0.000     327.411  0.415E-03
    7684.138  0.360E+04       5.722       7.332       0.000     328.816  0.311E-03
    8128.710  0.360E+04       6.150       7.800       0.000     330.338  0.234E-03
    8570.163  0.360E+04       6.575       8.305       0.000     331.852  0.184E-03
    9008.430  0.360E+04       6.938       8.824       0.000     333.314  0.147E-03
    9443.447  0.360E+04       7.224       9.365       0.000     334.795  0.118E-03
    9875.219  0.360E+04       7.478       9.910       0.000     336.302  0.923E-04
   10303.743  0.360E+04       7.689      10.435       0.000     337.856  0.709E-04
   10729.089  0.360E+04       7.800      10.954       0.000     339.526  0.539E-04
   11151.360  0.360E+04       7.799      11.498       0.000     341.293  0.404E-04
   11570.663  0.360E+04       7.756      12.079       0.000     343.227  0.300E-04
   11987.188  0.360E+04       7.728      12.574       0.000     345.365  0.223E-04
   12401.173  0.360E+04       7.684      12.850       0.000     347.773  0.167E-04
   12812.863  0.360E+04       7.573      12.961       0.000     350.441  0.127E-04
   13222.548  0.360E+04       7.435      12.952       0.000     353.402  0.969E-05
   13630.464  0.360E+04       7.277      12.725       0.000     356.625  0.748E-05
   14036.848  0.360E+04       6.791      12.150       0.000     360.096  0.585E-05
   14450.858  0.360E+04       5.795      11.343       0.000     363.947  0.477E-05
   14887.120  0.360E+04       4.435      10.498       0.000     368.539  0.409E-05
   15353.501  0.360E+04       2.919       9.582       0.000     374.361  0.371E-05
   15856.110  0.360E+04       1.319       8.379       0.000     381.949  0.339E-05
   16403.342  0.360E+04      -0.516       6.903       0.000     392.080  0.303E-05
   17006.129  0.360E+04      -2.501       5.509       0.000     404.498  0.254E-05
   17678.516  0.360E+04      -4.514       4.246       0.000     419.672  0.218E-05
   18439.697  0.360E+04      -6.502       3.047       0.000     438.020  0.199E-05
   19317.049  0.360E+04      -8.508       1.992       0.000     460.550  0.192E-05
   20351.734  0.360E+04     -10.338       1.183       0.000     488.394  0.191E-05
   21608.959  0.360E+04     -12.220       0.651       0.000     523.396  0.194E-05
   23202.557  0.360E+04     -13.718       0.280       0.000     569.282  0.202E-05
   25368.217  0.360E+04     -15.854      -0.135       0.000     637.780  0.217E-05
   28733.082  0.360E+04     -17.743      -0.292       0.000     759.401  0.239E-05
   36250.008  0.360E+04     -28.888       0.084       0.000    1089.346  0.274E-05

nudging time scales and initial profiles
height    t_nudge    u_nudge    v_nudge    w_nudge    thl_nudge    qt_nudge
# 864000.0
       0.000  0.360E+04       0.000       0.000       0.000     289.255  0.103E-01
       9.350  0.360E+04      -1.765      -6.463       0.000     289.506  0.103E-01
      33.995  0.360E+04      -1.902      -6.933       0.000     289.506  0.103E-01
      68.242  0.360E+04      -1.975      -7.169       0.000     289.506  0.103E-01
     113.403  0.360E+04      -2.031      -7.334       0.000     289.507  0.103E-01
     169.511  0.360E+04      -2.085      -7.471       0.000     289.507  0.103E-01
     235.748  0.360E+04      -2.139      -7.587       0.000     289.508  0.103E-01
     313.570  0.360E+04      -2.197      -7.678       0.000     289.508  0.103E-01
     405.509  0.360E+04      -2.279      -7.747       0.000     289.509  0.103E-01
     512.150  0.360E+04      -2.397      -7.736       0.000     289.509  0.103E-01
     633.837  0.360E+04      -2.496      -7.474       0.000     289.510  0.103E-01
     746.889  0.360E+04      -2.573      -7.119       0.000     289.511  0.103E-01
     746.906  0.360E+04      -2.573      -7.119       0.000     300.889  0.375E-02
     771.896  0.360E+04      -2.589      -7.043       0.000     301.027  0.375E-02
     930.786  0.360E+04      -2.532      -6.415       0.000     301.897  0.375E-02
    1107.049  0.360E+04      -2.216      -5.834       0.000     302.845  0.375E-02
    1300.842  0.360E+04      -1.720      -5.278       0.000     303.869  0.375E-02
    1512.367  0.360E+04      -1.178      -4.756       0.000     304.964  0.375E-02
    1742.022  0.360E+04      -0.643      -4.207       0.000     306.127  0.380E-02
    1990.027  0.360E+04      -0.143      -3.599       0.000     307.353  0.383E-02
    2256.207  0.360E+04       0.306      -2.912       0.000     308.495  0.370E-02
    2540.399  0.360E+04       0.695      -2.162       0.000     309.576  0.347E-02
    2842.644  0.360E+04       1.031      -1.382       0.000     310.644  0.316E-02
    3162.955  0.360E+04       1.357      -0.568       0.000     311.844  0.272E-02
    3501.124  0.360E+04       1.760       0.256       0.000     313.226  0.229E-02
    3856.975  0.360E+04       2.209       1.061       0.000     314.655  0.203E-02
    4230.515  0.360E+04       2.628       1.778       0.000     316.117  0.176E-02
    4621.662  0.360E+04       2.904       2.429       0.000     317.747  0.140E-02
    5030.097  0.360E+04       3.079       3.085       0.000     319.555  0.110E-02
    5454.177  0.360E+04       3.287       3.812       0.000     321.312  0.907E-03
    5890.780  0.360E+04       3.612       4.665       0.000     322.977  0.801E-03
    6336.192  0.360E+04       4.106       5.534       0.000     324.532  0.686E-03
    6786.316  0.360E+04       4.748       6.273       0.000     326.021  0.543E-03
    7236.553  0.360E+04       5.296       6.861       0.000     327.411  0.415E-03
    7684.138  0.360E+04       5.722       7.332       0.000     328.816  0.311E-03
    8128.710  0.360E+04       6.150       7.800       0.000     330.338  0.234E-03
    8570.163  0.360E+04       6.575       8.305       0.000     331.852  0.184E-03
    9008.430  0.360E+04       6.938       8.824       0.000     333.314  0.147E-03
    9443.447  0.360E+04       7.224       9.365       0.000     334.795  0.118E-03
    9875.219  0.360E+04       7.478       9.910       0.000     336.302  0.923E-04
   10303.743  0.360E+04       7.689      10.435       0.000     337.856  0.709E-04
   10729.089  0.360E+04       7.800      10.954       0.000     339.526  0.539E-04
   11151.360  0.360E+04       7.799      11.498       0.000     341.293  0.404E-04
   11570.663  0.360E+04       7.756      12.079       0.000     343.227  0.300E-04
   11987.188  0.360E+04       7.728      12.574       0.000     345.365  0.223E-04
   12401.173  0.360E+04       7.684      12.850       0.000     347.773  0.167E-04
   12812.863  0.360E+04       7.573      12.961       0.000     350.441  0.127E-04
   13222.548  0.360E+04       7.435      12.952       0.000     353.402  0.969E-05
   13630.464  0.360E+04       7.277      12.725       0.000     356.625  0.748E-05
   14036.848  0.360E+04       6.791      12.150       0.000     360.096  0.585E-05
   14450.858  0.360E+04       5.795      11.343       0.000     363.947  0.477E-05
   14887.120  0.360E+04       4.435      10.498       0.000     368.539  0.409E-05
   15353.501  0.360E+04       2.919       9.582       0.000     374.361  0.371E-05
   15856.110  0.360E+04       1.319       8.379       0.000     381.949  0.339E-05
   16403.342  0.360E+04      -0.516       6.903       0.000     392.080  0.303E-05
   17006.129  0.360E+04      -2.501       5.509       0.000     404.498  0.254E-05
   17678.516  0.360E+04      -4.514       4.246       0.000     419.672  0.218E-05
   18439.697  0.360E+04      -6.502       3.047       0.000     438.020  0.199E-05
   19317.049  0.360E+04      -8.508       1.992       0.000     460.550  0.192E-05
   20351.734  0.360E+04     -10.338       1.183       0.000     488.394  0.191E-05
   21608.959  0.360E+04     -12.220       0.651       0.000     523.396  0.194E-05
   23202.557  0.360E+04     -13.718       0.280       0.000     569.282  0.202E-05
   25368.217  0.360E+04     -15.854      -0.135       0.000     637.780  0.217E-05
   28733.082  0.360E+04     -17.743      -0.292       0.000     759.401  0.239E-05
   36250.008  0.360E+04     -28.888       0.084       0.000    1089.346  0.274E-05
