    1020.785     289.255      10.319       0.000       0.000
       9.350     289.506      10.319      -1.765      -6.463
      33.995     289.506      10.319      -1.902      -6.933
      68.242     289.506      10.319      -1.975      -7.169
     113.403     289.507      10.319      -2.031      -7.334
     169.511     289.507      10.319      -2.085      -7.471
     235.748     289.508      10.319      -2.139      -7.587
     313.570     289.508      10.319      -2.197      -7.678
     405.509     289.509      10.319      -2.279      -7.747
     512.150     289.509      10.319      -2.397      -7.736
     633.837     289.510      10.319      -2.496      -7.474
     746.889     289.511      10.319      -2.573      -7.119
     746.906     300.889       3.746      -2.573      -7.119
     771.896     301.027       3.746      -2.589      -7.043
     930.786     301.897       3.746      -2.532      -6.415
    1107.049     302.845       3.746      -2.216      -5.834
    1300.842     303.869       3.746      -1.720      -5.278
    1512.367     304.964       3.746      -1.178      -4.756
    1742.022     306.127       3.803      -0.643      -4.207
    1990.027     307.353       3.826      -0.143      -3.599
    2256.207     308.495       3.704       0.306      -2.912
    2540.399     309.576       3.475       0.695      -2.162
    2842.644     310.644       3.161       1.031      -1.382
    3162.955     311.844       2.718       1.357      -0.568
    3501.124     313.226       2.294       1.760       0.256
    3856.975     314.655       2.030       2.209       1.061
    4230.515     316.117       1.756       2.628       1.778
    4621.662     317.747       1.398       2.904       2.429
    5030.097     319.555       1.099       3.079       3.085
    5454.177     321.312       0.907       3.287       3.812
    5890.780     322.977       0.801       3.612       4.665
    6336.192     324.532       0.686       4.106       5.534
    6786.316     326.021       0.543       4.748       6.273
    7236.553     327.411       0.415       5.296       6.861
    7684.138     328.816       0.311       5.722       7.332
    8128.710     330.338       0.234       6.150       7.800
    8570.163     331.852       0.184       6.575       8.305
    9008.430     333.314       0.147       6.938       8.824
    9443.447     334.795       0.118       7.224       9.365
    9875.219     336.302       0.092       7.478       9.910
   10303.743     337.856       0.071       7.689      10.435
   10729.089     339.526       0.054       7.800      10.954
   11151.360     341.293       0.040       7.799      11.498
   11570.663     343.227       0.030       7.756      12.079
   11987.188     345.365       0.022       7.728      12.574
   12401.173     347.773       0.017       7.684      12.850
   12812.863     350.441       0.013       7.573      12.961
   13222.548     353.402       0.010       7.435      12.952
   13630.464     356.625       0.007       7.277      12.725
   14036.848     360.096       0.006       6.791      12.150
   14450.858     363.947       0.005       5.795      11.343
   14887.120     368.539       0.004       4.435      10.498
   15353.501     374.361       0.004       2.919       9.582
   15856.110     381.949       0.003       1.319       8.379
   16403.342     392.080       0.003      -0.516       6.903
   17006.129     404.498       0.003      -2.501       5.509
   17678.516     419.672       0.002      -4.514       4.246
   18439.697     438.020       0.002      -6.502       3.047
   19317.049     460.550       0.002      -8.508       1.992
   20351.734     488.394       0.002     -10.338       1.183
   21608.959     523.396       0.002     -12.220       0.651
   23202.557     569.282       0.002     -13.718       0.280
   25368.217     637.780       0.002     -15.854      -0.135
   28733.082     759.401       0.002     -17.743      -0.292
   36250.008    1089.346       0.003     -28.888       0.084
