  1000.000   299.508    17.589     2.323     1.142
   975.000   299.181    16.888     2.003     0.512
   950.000   300.121    16.577     1.745     0.331
   925.000   301.485    16.580     1.915     0.250
   900.000   302.720    15.333     2.104     0.639
   875.000   303.848    14.438     2.098     1.091
   850.000   304.836    13.495     1.835     1.357
   825.000   305.954    12.496     1.649     1.490
   800.000   307.259    11.512     1.599     1.610
   775.000   308.705    10.571     1.531     1.759
   750.000   310.177     9.656     1.404     1.972
   700.000   312.844     7.902     0.723     2.463
   650.000   315.118     6.447    -0.591     3.027
   600.000   317.786     5.374    -2.095     3.501
   550.000   322.178     4.541    -3.062     3.660
   500.000   326.042     3.547    -3.448     3.561
   450.000   330.247     2.394    -3.931     3.673
   400.000   334.635     1.487    -4.533     4.090
   350.000   338.824     0.862    -5.029     4.493
   300.000   342.309     0.429    -5.257     4.603
   250.000   345.207     0.158    -5.409     4.237
   225.000   346.351     0.095    -5.355     3.925
   200.000   347.449     0.064    -5.126     3.937
    182.077    353    5.66009E-03    -5.126     3.937   
    156.037    357    3.71224E-03    -5.126     3.937
    132.024    363.000    3.09058E-03    -5.126     3.937
    111.050    369.000    2.97756E-03    -5.126     3.937
    93.7238    384.000    3.08384E-03    -5.126     3.937
    78.9306    411.27363    2.97567E-03    -5.126     3.937
    66.5692    440.44152    2.95036E-03    -5.126     3.937
    56.5382    469.79949   3.02006E-03    -5.126     3.937
    48.0271    501.69    2.97189E-03    -5.126     3.937
    40.9345    535.0483    2.98571E-03    -5.126     3.937
