     289.460    64
       4.944     239.840  0.285E-05  0.930E-05   0.
      14.833     228.632  0.246E-05  0.115E-04   0.
      24.721     222.066  0.222E-05  0.858E-05   0.
      34.609     218.216  0.207E-05  0.582E-05   0.
      44.498     215.553  0.198E-05  0.361E-05   0.
      54.386     213.064  0.193E-05  0.228E-05   0.
      64.275     210.692  0.194E-05  0.143E-05   0.
      74.163     208.727  0.202E-05  0.883E-06   0.
      84.052     207.238  0.222E-05  0.585E-06   0.
      93.941     206.109  0.257E-05  0.433E-06   0.
     103.830     205.463  0.305E-05  0.319E-06   0.
     113.722     205.345  0.352E-05  0.244E-06   0.
     123.615     205.898  0.405E-05  0.225E-06   0.
     133.510     206.949  0.464E-05  0.209E-06   0.
     143.407     208.461  0.545E-05  0.192E-06   0.
     153.391     210.283  0.652E-05  0.178E-06   0.
     163.770     212.354  0.822E-05  0.168E-06   0.
     174.787     214.650  0.108E-04  0.159E-06   0.
     186.478     217.084  0.142E-04  0.150E-06   0.
     198.878     219.612  0.190E-04  0.139E-06   0.
     212.026     222.219  0.256E-04  0.130E-06   0.
     225.962     224.955  0.346E-04  0.121E-06   0.
     240.727     227.795  0.468E-04  0.113E-06   0.
     256.365     230.742  0.626E-04  0.105E-06   0.
     272.922     233.747  0.840E-04  0.979E-07   0.
     290.444     236.836  0.116E-03  0.916E-07   0.
     308.981     239.956  0.165E-03  0.872E-07   0.
     328.586     243.122  0.225E-03  0.831E-07   0.
     349.310     246.351  0.294E-03  0.793E-07   0.
     371.212     249.558  0.379E-03  0.756E-07   0.
     394.348     252.756  0.484E-03  0.731E-07   0.
     418.773     255.979  0.617E-03  0.713E-07   0.
     444.523     259.258  0.767E-03  0.696E-07   0.
     471.496     262.534  0.926E-03  0.679E-07   0.
     499.450     265.745  0.108E-02  0.663E-07   0.
     528.123     268.800  0.123E-02  0.647E-07   0.
     557.235     271.632  0.143E-02  0.632E-07   0.
     586.503     274.234  0.170E-02  0.617E-07   0.
     615.699     276.650  0.201E-02  0.603E-07   0.
     644.673     279.006  0.232E-02  0.592E-07   0.
     673.299     281.241  0.263E-02  0.589E-07   0.
     701.455     283.377  0.291E-02  0.585E-07   0.
     728.998     285.424  0.322E-02  0.581E-07   0.
     755.782     287.385  0.345E-02  0.574E-07   0.
     781.687     289.204  0.353E-02  0.568E-07   0.
     806.608     290.786  0.352E-02  0.562E-07   0.
     830.425     292.066  0.349E-02  0.554E-07   0.
     853.014     293.217  0.349E-02  0.545E-07   0.
     874.286     294.247  0.349E-02  0.537E-07   0.
     894.174     295.166  0.349E-02  0.530E-07   0.
     912.604     295.979  0.349E-02  0.522E-07   0.
     929.500     296.694  0.349E-02  0.511E-07   0.
     939.554     297.105  0.349E-02  0.504E-07   0.
     939.556     283.218  0.944E-02  0.504E-07   0.
     944.820     283.670  0.944E-02  0.500E-07   0.
     958.560     284.842  0.944E-02  0.490E-07   0.
     970.718     285.868  0.944E-02  0.480E-07   0.
     981.288     286.753  0.944E-02  0.474E-07   0.
     990.302     287.503  0.944E-02  0.471E-07   0.
     998.020     288.140  0.944E-02  0.468E-07   0.
    1004.592     288.681  0.944E-02  0.466E-07   0.
    1009.906     289.116  0.944E-02  0.464E-07   0.
    1013.950     289.446  0.944E-02  0.463E-07   0.
    1016.867     289.683  0.944E-02  0.462E-07   0.
