       0.000  0.000E+00  0.000E+00  0.000E+00
      14.903 -0.772E-04 -0.752E-08 -0.127E-04
      39.413 -0.204E-03 -0.752E-08 -0.127E-04
      73.465 -0.381E-03 -0.752E-08 -0.128E-04
     118.371 -0.615E-03 -0.752E-08 -0.128E-04
     174.131 -0.906E-03 -0.752E-08 -0.128E-04
     239.958 -0.125E-02 -0.752E-08 -0.128E-04
     317.290 -0.165E-02 -0.752E-08 -0.129E-04
     408.631 -0.212E-02 -0.752E-08 -0.129E-04
     514.577 -0.267E-02 -0.752E-08 -0.130E-04
     635.472 -0.326E-02 -0.752E-08 -0.130E-04
     682.126 -0.350E-02 -0.752E-08 -0.130E-04
     682.143 -0.368E-02 -0.743E-08 -0.130E-04
     775.906 -0.414E-02 -0.743E-08 -0.131E-04
     935.462 -0.490E-02 -0.743E-08 -0.131E-04
    1112.461 -0.571E-02 -0.703E-08 -0.139E-04
    1307.025 -0.654E-02 -0.565E-08 -0.162E-04
    1519.396 -0.736E-02 -0.417E-08 -0.187E-04
    1749.926 -0.815E-02 -0.260E-08 -0.215E-04
    1998.841 -0.886E-02 -0.943E-09 -0.244E-04
    2265.980 -0.945E-02  0.672E-09 -0.230E-04
    2551.158 -0.988E-02  0.516E-08 -0.223E-04
    2854.457 -0.102E-01  0.937E-08 -0.240E-04
    3175.886 -0.104E-01  0.942E-08 -0.261E-04
    3515.195 -0.106E-01  0.881E-08 -0.273E-04
    3872.191 -0.108E-01  0.919E-08 -0.273E-04
    4246.905 -0.110E-01  0.898E-08 -0.288E-04
    4639.274 -0.110E-01  0.821E-08 -0.289E-04
    5048.879 -0.111E-01  0.616E-08 -0.259E-04
    5473.906 -0.110E-01  0.423E-08 -0.223E-04
    5911.210 -0.109E-01  0.369E-08 -0.187E-04
    6357.074 -0.108E-01  0.386E-08 -0.167E-04
    6807.468 -0.105E-01  0.363E-08 -0.153E-04
    7257.928 -0.103E-01  0.325E-08 -0.148E-04
    7705.808 -0.992E-02  0.265E-08 -0.139E-04
    8150.697 -0.954E-02  0.203E-08 -0.117E-04
    8592.437 -0.911E-02  0.158E-08 -0.851E-05
    9030.945 -0.864E-02  0.127E-08 -0.670E-05
    9466.198 -0.814E-02  0.103E-08 -0.604E-05
    9898.251 -0.759E-02  0.712E-09 -0.523E-05
   10327.119 -0.702E-02  0.425E-09 -0.559E-05
   10752.839 -0.641E-02  0.273E-09 -0.529E-05
   11175.507 -0.577E-02  0.190E-09 -0.573E-05
   11595.208 -0.510E-02  0.128E-09 -0.738E-05
   12012.092 -0.439E-02  0.818E-10 -0.914E-05
   12426.325 -0.365E-02  0.503E-10 -0.922E-05
   12838.062 -0.288E-02  0.281E-10 -0.847E-05
   13247.410 -0.206E-02  0.149E-10 -0.715E-05
   13654.557 -0.121E-02  0.629E-11 -0.516E-05
   14059.812 -0.316E-03  0.104E-11 -0.121E-05
   14472.526  0.000E+00  0.000E+00 -0.388E-06
   14907.593  0.000E+00  0.000E+00 -0.196E-05
   15373.182  0.000E+00  0.000E+00 -0.291E-05
   15875.554  0.000E+00  0.000E+00 -0.351E-05
   16423.002  0.000E+00  0.000E+00 -0.362E-05
   17026.328  0.000E+00  0.000E+00 -0.292E-05
   17699.668  0.000E+00  0.000E+00 -0.236E-05
   18462.156  0.000E+00  0.000E+00 -0.236E-05
   19341.107  0.000E+00  0.000E+00 -0.256E-05
   20377.828  0.000E+00  0.000E+00 -0.248E-05
   21637.475  0.000E+00  0.000E+00 -0.351E-05
   23233.932  0.000E+00  0.000E+00 -0.781E-05
   25403.471  0.000E+00  0.000E+00 -0.110E-04
   28775.170  0.000E+00  0.000E+00 -0.153E-04
   36312.422  0.000E+00  0.000E+00 -0.113E-03
