    1018.646     287.937       9.439       0.000       0.000
      14.903     288.302       9.439       2.120      -8.001
      39.413     288.303       9.439       2.302      -8.747
      73.465     288.303       9.439       2.390      -9.189
     118.371     288.303       9.439       2.435      -9.523
     174.131     288.303       9.439       2.445      -9.823
     239.958     288.304       9.439       2.414     -10.125
     317.290     288.304       9.439       2.315     -10.445
     408.631     288.305       9.439       2.012     -10.806
     514.577     288.306       9.439       1.461     -10.880
     635.472     288.307       9.439       0.999     -10.461
     682.126     288.307       9.439       0.925     -10.165
     682.143     302.443       3.489       0.925     -10.165
     775.906     302.954       3.489       0.784      -9.599
     935.462     303.812       3.489       0.865      -8.600
    1112.461     304.747       3.489       1.104      -7.576
    1307.025     305.757       3.489       1.415      -6.558
    1519.396     306.838       3.489       1.732      -5.587
    1749.926     307.985       3.489       2.033      -4.672
    1998.841     309.194       3.515       2.302      -3.820
    2265.980     310.281       3.530       2.527      -3.023
    2551.158     311.312       3.451       2.688      -2.237
    2854.457     312.390       3.220       2.781      -1.400
    3175.886     313.580       2.908       2.792      -0.479
    3515.195     314.880       2.628       2.717       0.487
    3872.191     316.277       2.321       2.590       1.447
    4246.905     317.753       2.011       2.446       2.424
    4639.274     319.379       1.696       2.322       3.382
    5048.879     321.008       1.428       2.270       4.192
    5473.906     322.566       1.232       2.286       4.903
    5911.210     324.025       1.083       2.388       5.565
    6357.074     325.420       0.926       2.611       6.211
    6807.468     326.812       0.767       2.900       6.918
    7257.928     328.225       0.617       3.159       7.651
    7705.808     329.704       0.484       3.338       8.367
    8150.697     331.202       0.379       3.477       9.044
    8592.437     332.673       0.294       3.583       9.690
    9030.945     334.098       0.225       3.673      10.309
    9466.198     335.593       0.165       3.810      10.846
    9898.251     337.135       0.116       4.069      11.306
   10327.119     338.704       0.084       4.389      11.795
   10752.839     340.379       0.063       4.577      12.312
   11175.507     342.128       0.047       4.620      12.890
   11595.208     344.025       0.035       4.634      13.509
   12012.092     346.077       0.026       4.655      14.048
   12426.325     348.327       0.019       4.656      14.360
   12838.062     350.708       0.014       4.637      14.343
   13247.410     353.247       0.011       4.617      13.965
   13654.557     356.028       0.008       4.545      13.312
   14059.812     359.211       0.007       4.339      12.473
   14472.526     363.009       0.005       3.900      11.507
   14907.593     367.812       0.005       3.238      10.420
   15373.182     374.083       0.004       2.340       9.148
   15875.554     382.074       0.004       1.047       7.783
   16423.002     392.358       0.003      -0.530       6.472
   17026.328     405.007       0.003      -2.212       5.250
   17699.668     420.371       0.002      -3.934       4.002
   18462.156     438.801       0.002      -5.635       2.874
   19341.107     461.408       0.002      -7.366       1.944
   20377.828     489.405       0.002      -9.021       1.128
   21637.475     524.330       0.002     -10.733       0.561
   23233.932     570.310       0.002     -12.339       0.186
   25403.471     638.914       0.002     -14.651      -0.138
   28775.170     761.130       0.002     -16.509      -0.183
   36312.422    1092.736       0.003     -27.235       0.173
