     977.08      15.17       0.01       1.11      -0.05
     974.25      15.27       0.01       1.44      -0.06
     970.16      15.42       0.01       1.87      -0.08
     964.79      15.56       0.01       2.42      -0.10
     958.11      15.60       0.01       3.04      -0.11
     950.12      15.51       0.01       3.70      -0.13
     940.80      15.27       0.01       4.36      -0.14
     930.16      14.87       0.01       4.98      -0.15
     918.19      14.31       0.01       5.56      -0.17
     904.89      13.58       0.01       6.11      -0.19
     890.29      12.68       0.01       6.61      -0.18
     874.39      11.61       0.01       7.06      -0.20
     857.21      10.35       0.01       7.45      -0.23
     838.80       8.92       0.01       7.86      -0.26
     819.17       7.32       0.01       8.32      -0.27
     798.37       5.58       0.01       8.80      -0.24
     776.45       3.67       0.00       9.22      -0.21
     753.47       1.64       0.00       9.59      -0.21
     729.49      -0.45       0.00       9.89      -0.18
     704.59      -2.46       0.00      10.01      -0.16
     678.89      -4.25       0.00      10.03      -0.10
     652.50      -6.05       0.00      10.16      -0.03
     625.50      -8.17       0.00      10.37       0.04
     597.97     -10.54       0.00      10.60       0.09
     570.03     -13.07       0.00      10.85       0.12
     541.77     -15.76       0.00      11.17       0.11
     513.29     -18.65       0.00      11.49       0.09
     484.72     -21.75       0.00      11.78       0.09
     456.14     -25.08       0.00      11.95       0.13
     427.67     -28.64       0.00      11.97       0.19
     399.42     -32.51       0.00      12.00       0.10
     371.49     -36.70       0.00      12.22      -0.02
     343.97     -41.16       0.00      12.42      -0.01
     316.97     -45.87       0.00      12.60       0.01
     290.61     -50.85       0.00      12.92       0.05
     264.97     -56.05       0.00      13.49      -0.01
     240.18     -61.41       0.00      14.05      -0.07
     216.01     -66.87       0.00      14.66      -0.03
     192.44     -72.74       0.00      14.38       0.06
     170.14     -75.32       0.00      15.98       0.02
     149.66     -75.25       0.00      14.74       0.00
     131.07     -75.26       0.00      12.91       0.00
     114.27     -75.27       0.00      10.76       0.00
      99.17     -75.28       0.00       8.41      -0.00
      85.68     -75.28       0.00       5.92      -0.00
      73.67     -75.29       0.00       3.39      -0.00
      63.05     -75.29       0.00       0.88      -0.00
      53.70     -75.30       0.00      -1.56      -0.00
      45.52     -75.30       0.00      -3.86      -0.00
      38.39     -75.31       0.00      -6.00      -0.00
