     -18.14      18.02
     -17.19      14.63
     -17.76      13.21
     -17.79      11.70
     -17.17      10.11
     -15.71      14.73
      -7.15      27.16
       8.89      58.78
      34.12     113.02
      63.69     182.98
      91.25     259.00
     111.86     329.44
     121.33     379.45
     117.88     403.09
      99.60     395.94
      67.47     360.80
      28.05     301.96
      -3.69     218.59
     -13.83     128.75
     -19.78      82.74
     -22.82      52.39
     -21.85      40.79
     -20.31      30.09
     -19.80      23.63
