       0.000  0.000E+00  0.000E+00  0.000E+00
      10.922 -0.184E-04 -0.119E-07 -0.126E-04
      36.227 -0.611E-04 -0.119E-07 -0.126E-04
      71.386 -0.121E-03 -0.119E-07 -0.127E-04
     117.716 -0.199E-03 -0.119E-07 -0.127E-04
     175.241 -0.297E-03 -0.119E-07 -0.127E-04
     243.113 -0.412E-03 -0.118E-07 -0.127E-04
     322.854 -0.547E-03 -0.118E-07 -0.128E-04
     417.030 -0.706E-03 -0.118E-07 -0.128E-04
     526.320 -0.888E-03 -0.118E-07 -0.129E-04
     651.148 -0.109E-02 -0.118E-07 -0.129E-04
     792.065 -0.132E-02 -0.118E-07 -0.130E-04
     949.684 -0.157E-02 -0.118E-07 -0.130E-04
    1124.414 -0.182E-02 -0.944E-08 -0.124E-04
    1316.432 -0.209E-02 -0.447E-08 -0.110E-04
    1526.172 -0.235E-02  0.818E-09 -0.952E-05
    1754.234 -0.261E-02  0.640E-08 -0.789E-05
    2000.871 -0.284E-02  0.123E-07 -0.615E-05
    2265.966 -0.303E-02  0.947E-08 -0.422E-05
    2549.406 -0.316E-02  0.639E-08 -0.297E-05
    2851.266 -0.325E-02  0.576E-08 -0.258E-05
    3171.661 -0.334E-02  0.526E-08 -0.165E-05
    3510.372 -0.341E-02  0.390E-08  0.258E-06
    3867.146 -0.347E-02  0.351E-08  0.216E-05
    4242.003 -0.352E-02  0.389E-08  0.230E-05
    4635.009 -0.355E-02  0.370E-08  0.549E-06
    5046.012 -0.357E-02  0.256E-08 -0.857E-06
    5473.536 -0.357E-02  0.135E-08  0.391E-07
    5914.404 -0.354E-02  0.606E-09  0.227E-05
    6364.613 -0.349E-02  0.183E-09  0.422E-05
    6819.729 -0.341E-02  0.170E-09  0.643E-05
    7274.941 -0.332E-02  0.338E-09  0.833E-05
    7727.322 -0.321E-02  0.388E-09  0.973E-05
    8176.274 -0.308E-02  0.371E-09  0.109E-04
    8621.559 -0.294E-02  0.353E-09  0.115E-04
    9063.191 -0.279E-02  0.321E-09  0.120E-04
    9501.269 -0.262E-02  0.286E-09  0.133E-04
    9935.771 -0.244E-02  0.223E-09  0.138E-04
   10366.624 -0.226E-02  0.145E-09  0.137E-04
   10793.725 -0.206E-02  0.969E-10  0.139E-04
   11216.991 -0.185E-02  0.694E-10  0.138E-04
   11636.419 -0.163E-02  0.502E-10  0.129E-04
   12052.049 -0.140E-02  0.353E-10  0.109E-04
   12463.960 -0.116E-02  0.237E-10  0.844E-05
   12872.299 -0.911E-03  0.152E-10  0.599E-05
   13277.269 -0.652E-03  0.845E-11  0.397E-05
   13679.104 -0.381E-03  0.375E-11  0.221E-05
   14077.937 -0.984E-04  0.735E-12  0.289E-06
   14482.606  0.000E+00  0.000E+00 -0.275E-05
   14907.081  0.000E+00  0.000E+00 -0.638E-05
   15358.394  0.000E+00  0.000E+00 -0.103E-04
   15841.736  0.000E+00  0.000E+00 -0.143E-04
   16365.288  0.000E+00  0.000E+00 -0.163E-04
   16941.350  0.000E+00  0.000E+00 -0.162E-04
   17587.510  0.000E+00  0.000E+00 -0.133E-04
   18326.041  0.000E+00  0.000E+00 -0.102E-04
   19183.934  0.000E+00  0.000E+00 -0.889E-05
   20199.566  0.000E+00  0.000E+00 -0.795E-05
   21437.242  0.000E+00  0.000E+00 -0.244E-05
   23013.375  0.000E+00  0.000E+00  0.673E-05
   25163.174  0.000E+00  0.000E+00  0.194E-04
   28503.072  0.000E+00  0.000E+00  0.424E-04
   35943.617  0.000E+00  0.000E+00  0.711E-04
