
nudging time scales and initial profiles
height    t_nudge    u_nudge    v_nudge    w_nudge    thl_nudge    qt_nudge
# 0.0
       0.000  0.360E+04       0.000       0.000       0.000     296.076  0.160E-01
      10.922  0.360E+04      -7.383      -2.742       0.000     296.958  0.160E-01
      36.227  0.360E+04      -7.954      -2.938       0.000     296.917  0.157E-01
      71.386  0.360E+04      -8.246      -3.026       0.000     296.903  0.156E-01
     117.716  0.360E+04      -8.466      -3.083       0.000     296.899  0.155E-01
     175.241  0.360E+04      -8.674      -3.123       0.000     296.902  0.154E-01
     243.113  0.360E+04      -8.897      -3.147       0.000     296.904  0.153E-01
     322.854  0.360E+04      -9.137      -3.137       0.000     296.953  0.151E-01
     417.030  0.360E+04      -9.339      -3.043       0.000     297.092  0.148E-01
     526.320  0.360E+04      -9.405      -2.858       0.000     297.453  0.143E-01
     651.148  0.360E+04      -9.413      -2.624       0.000     297.941  0.136E-01
     792.065  0.360E+04      -9.343      -2.357       0.000     298.551  0.129E-01
     949.684  0.360E+04      -9.132      -2.079       0.000     299.305  0.121E-01
    1124.414  0.360E+04      -8.813      -1.815       0.000     300.216  0.113E-01
    1316.432  0.360E+04      -8.481      -1.557       0.000     301.422  0.102E-01
    1526.172  0.360E+04      -8.073      -1.244       0.000     303.252  0.862E-02
    1754.234  0.360E+04      -7.630      -0.979       0.000     305.208  0.713E-02
    2000.871  0.360E+04      -7.216      -0.720       0.000     307.122  0.570E-02
    2265.966  0.360E+04      -6.824      -0.514       0.000     308.919  0.466E-02
    2549.406  0.360E+04      -6.491      -0.436       0.000     310.492  0.399E-02
    2851.266  0.360E+04      -6.144      -0.372       0.000     312.076  0.348E-02
    3171.661  0.360E+04      -5.712      -0.292       0.000     313.813  0.289E-02
    3510.372  0.360E+04      -5.265      -0.210       0.000     315.556  0.244E-02
    3867.146  0.360E+04      -4.806      -0.138       0.000     317.287  0.210E-02
    4242.003  0.360E+04      -4.459      -0.127       0.000     319.109  0.170E-02
    4635.009  0.360E+04      -4.207      -0.270       0.000     321.213  0.125E-02
    5046.012  0.360E+04      -3.916      -0.547       0.000     323.608  0.867E-03
    5473.536  0.360E+04      -3.540      -0.877       0.000     326.016  0.649E-03
    5914.404  0.360E+04      -3.035      -1.113       0.000     328.129  0.537E-03
    6364.613  0.360E+04      -2.403      -1.172       0.000     329.881  0.495E-03
    6819.729  0.360E+04      -1.741      -0.922       0.000     331.360  0.488E-03
    7274.941  0.360E+04      -1.144      -0.456       0.000     332.687  0.451E-03
    7727.322  0.360E+04      -0.382      -0.115       0.000     333.893  0.396E-03
    8176.274  0.360E+04       0.600       0.045       0.000     335.020  0.342E-03
    8621.559  0.360E+04       1.778       0.164       0.000     336.107  0.289E-03
    9063.191  0.360E+04       3.036       0.330       0.000     337.290  0.236E-03
    9501.269  0.360E+04       4.161       0.535       0.000     338.545  0.187E-03
    9935.771  0.360E+04       5.154       0.675       0.000     339.751  0.141E-03
   10366.624  0.360E+04       5.905       0.835       0.000     340.891  0.108E-03
   10793.725  0.360E+04       6.495       1.021       0.000     341.976  0.850E-04
   11216.991  0.360E+04       7.062       1.157       0.000     343.019  0.675E-04
   11636.419  0.360E+04       7.656       1.177       0.000     344.099  0.532E-04
   12052.049  0.360E+04       8.206       1.135       0.000     345.232  0.416E-04
   12463.960  0.360E+04       8.617       1.138       0.000     346.478  0.323E-04
   12872.299  0.360E+04       8.841       1.167       0.000     347.877  0.247E-04
   13277.269  0.360E+04       8.914       1.221       0.000     349.518  0.187E-04
   13679.104  0.360E+04       8.952       1.342       0.000     351.344  0.142E-04
   14077.937  0.360E+04       8.950       1.484       0.000     353.294  0.107E-04
   14482.606  0.360E+04       8.779       1.513       0.000     355.430  0.816E-05
   14907.081  0.360E+04       8.258       1.478       0.000     358.059  0.616E-05
   15358.394  0.360E+04       7.074       1.431       0.000     361.431  0.467E-05
   15841.736  0.360E+04       5.069       1.432       0.000     366.301  0.360E-05
   16365.288  0.360E+04       1.904       1.227       0.000     374.467  0.302E-05
   16941.350  0.360E+04      -2.713       1.003       0.000     386.961  0.279E-05
   17587.510  0.360E+04      -7.491       1.084       0.000     405.184  0.269E-05
   18326.041  0.360E+04     -11.571       0.949       0.000     427.083  0.250E-05
   19183.934  0.360E+04     -14.483       0.685       0.000     451.607  0.221E-05
   20199.566  0.360E+04     -16.946       0.384       0.000     479.886  0.199E-05
   21437.242  0.360E+04     -19.945       0.199       0.000     516.226  0.191E-05
   23013.375  0.360E+04     -23.548       0.252       0.000     564.584  0.189E-05
   25163.174  0.360E+04     -27.675      -0.199       0.000     633.692  0.192E-05
   28503.072  0.360E+04     -28.826      -0.094       0.000     753.021  0.204E-05
   35943.617  0.360E+04     -28.836      -0.447       0.000    1076.449  0.237E-05

nudging time scales and initial profiles
height    t_nudge    u_nudge    v_nudge    w_nudge    thl_nudge    qt_nudge
# 864000.0
       0.000  0.360E+04       0.000       0.000       0.000     296.076  0.160E-01
      10.922  0.360E+04      -7.383      -2.742       0.000     296.958  0.160E-01
      36.227  0.360E+04      -7.954      -2.938       0.000     296.917  0.157E-01
      71.386  0.360E+04      -8.246      -3.026       0.000     296.903  0.156E-01
     117.716  0.360E+04      -8.466      -3.083       0.000     296.899  0.155E-01
     175.241  0.360E+04      -8.674      -3.123       0.000     296.902  0.154E-01
     243.113  0.360E+04      -8.897      -3.147       0.000     296.904  0.153E-01
     322.854  0.360E+04      -9.137      -3.137       0.000     296.953  0.151E-01
     417.030  0.360E+04      -9.339      -3.043       0.000     297.092  0.148E-01
     526.320  0.360E+04      -9.405      -2.858       0.000     297.453  0.143E-01
     651.148  0.360E+04      -9.413      -2.624       0.000     297.941  0.136E-01
     792.065  0.360E+04      -9.343      -2.357       0.000     298.551  0.129E-01
     949.684  0.360E+04      -9.132      -2.079       0.000     299.305  0.121E-01
    1124.414  0.360E+04      -8.813      -1.815       0.000     300.216  0.113E-01
    1316.432  0.360E+04      -8.481      -1.557       0.000     301.422  0.102E-01
    1526.172  0.360E+04      -8.073      -1.244       0.000     303.252  0.862E-02
    1754.234  0.360E+04      -7.630      -0.979       0.000     305.208  0.713E-02
    2000.871  0.360E+04      -7.216      -0.720       0.000     307.122  0.570E-02
    2265.966  0.360E+04      -6.824      -0.514       0.000     308.919  0.466E-02
    2549.406  0.360E+04      -6.491      -0.436       0.000     310.492  0.399E-02
    2851.266  0.360E+04      -6.144      -0.372       0.000     312.076  0.348E-02
    3171.661  0.360E+04      -5.712      -0.292       0.000     313.813  0.289E-02
    3510.372  0.360E+04      -5.265      -0.210       0.000     315.556  0.244E-02
    3867.146  0.360E+04      -4.806      -0.138       0.000     317.287  0.210E-02
    4242.003  0.360E+04      -4.459      -0.127       0.000     319.109  0.170E-02
    4635.009  0.360E+04      -4.207      -0.270       0.000     321.213  0.125E-02
    5046.012  0.360E+04      -3.916      -0.547       0.000     323.608  0.867E-03
    5473.536  0.360E+04      -3.540      -0.877       0.000     326.016  0.649E-03
    5914.404  0.360E+04      -3.035      -1.113       0.000     328.129  0.537E-03
    6364.613  0.360E+04      -2.403      -1.172       0.000     329.881  0.495E-03
    6819.729  0.360E+04      -1.741      -0.922       0.000     331.360  0.488E-03
    7274.941  0.360E+04      -1.144      -0.456       0.000     332.687  0.451E-03
    7727.322  0.360E+04      -0.382      -0.115       0.000     333.893  0.396E-03
    8176.274  0.360E+04       0.600       0.045       0.000     335.020  0.342E-03
    8621.559  0.360E+04       1.778       0.164       0.000     336.107  0.289E-03
    9063.191  0.360E+04       3.036       0.330       0.000     337.290  0.236E-03
    9501.269  0.360E+04       4.161       0.535       0.000     338.545  0.187E-03
    9935.771  0.360E+04       5.154       0.675       0.000     339.751  0.141E-03
   10366.624  0.360E+04       5.905       0.835       0.000     340.891  0.108E-03
   10793.725  0.360E+04       6.495       1.021       0.000     341.976  0.850E-04
   11216.991  0.360E+04       7.062       1.157       0.000     343.019  0.675E-04
   11636.419  0.360E+04       7.656       1.177       0.000     344.099  0.532E-04
   12052.049  0.360E+04       8.206       1.135       0.000     345.232  0.416E-04
   12463.960  0.360E+04       8.617       1.138       0.000     346.478  0.323E-04
   12872.299  0.360E+04       8.841       1.167       0.000     347.877  0.247E-04
   13277.269  0.360E+04       8.914       1.221       0.000     349.518  0.187E-04
   13679.104  0.360E+04       8.952       1.342       0.000     351.344  0.142E-04
   14077.937  0.360E+04       8.950       1.484       0.000     353.294  0.107E-04
   14482.606  0.360E+04       8.779       1.513       0.000     355.430  0.816E-05
   14907.081  0.360E+04       8.258       1.478       0.000     358.059  0.616E-05
   15358.394  0.360E+04       7.074       1.431       0.000     361.431  0.467E-05
   15841.736  0.360E+04       5.069       1.432       0.000     366.301  0.360E-05
   16365.288  0.360E+04       1.904       1.227       0.000     374.467  0.302E-05
   16941.350  0.360E+04      -2.713       1.003       0.000     386.961  0.279E-05
   17587.510  0.360E+04      -7.491       1.084       0.000     405.184  0.269E-05
   18326.041  0.360E+04     -11.571       0.949       0.000     427.083  0.250E-05
   19183.934  0.360E+04     -14.483       0.685       0.000     451.607  0.221E-05
   20199.566  0.360E+04     -16.946       0.384       0.000     479.886  0.199E-05
   21437.242  0.360E+04     -19.945       0.199       0.000     516.226  0.191E-05
   23013.375  0.360E+04     -23.548       0.252       0.000     564.584  0.189E-05
   25163.174  0.360E+04     -27.675      -0.199       0.000     633.692  0.192E-05
   28503.072  0.360E+04     -28.826      -0.094       0.000     753.021  0.204E-05
   35943.617  0.360E+04     -28.836      -0.447       0.000    1076.449  0.237E-05
