
nudging time scales and initial profiles
height    t_nudge    u_nudge    v_nudge    w_nudge    thl_nudge    qt_nudge
# 0.0
       0.000  0.360E+04       0.000       0.000       0.000     287.937  0.944E-02
      14.903  0.360E+04       2.120      -8.001       0.000     288.302  0.944E-02
      39.413  0.360E+04       2.302      -8.747       0.000     288.303  0.944E-02
      73.465  0.360E+04       2.390      -9.189       0.000     288.303  0.944E-02
     118.371  0.360E+04       2.435      -9.523       0.000     288.303  0.944E-02
     174.131  0.360E+04       2.445      -9.823       0.000     288.303  0.944E-02
     239.958  0.360E+04       2.414     -10.125       0.000     288.304  0.944E-02
     317.290  0.360E+04       2.315     -10.445       0.000     288.304  0.944E-02
     408.631  0.360E+04       2.012     -10.806       0.000     288.305  0.944E-02
     514.577  0.360E+04       1.461     -10.880       0.000     288.306  0.944E-02
     635.472  0.360E+04       0.999     -10.461       0.000     288.307  0.944E-02
     682.126  0.360E+04       0.925     -10.165       0.000     288.307  0.944E-02
     682.143  0.360E+04       0.925     -10.165       0.000     302.443  0.349E-02
     775.906  0.360E+04       0.784      -9.599       0.000     302.954  0.349E-02
     935.462  0.360E+04       0.865      -8.600       0.000     303.812  0.349E-02
    1112.461  0.360E+04       1.104      -7.576       0.000     304.747  0.349E-02
    1307.025  0.360E+04       1.415      -6.558       0.000     305.757  0.349E-02
    1519.396  0.360E+04       1.732      -5.587       0.000     306.838  0.349E-02
    1749.926  0.360E+04       2.033      -4.672       0.000     307.985  0.349E-02
    1998.841  0.360E+04       2.302      -3.820       0.000     309.194  0.352E-02
    2265.980  0.360E+04       2.527      -3.023       0.000     310.281  0.353E-02
    2551.158  0.360E+04       2.688      -2.237       0.000     311.312  0.345E-02
    2854.457  0.360E+04       2.781      -1.400       0.000     312.390  0.322E-02
    3175.886  0.360E+04       2.792      -0.479       0.000     313.580  0.291E-02
    3515.195  0.360E+04       2.717       0.487       0.000     314.880  0.263E-02
    3872.191  0.360E+04       2.590       1.447       0.000     316.277  0.232E-02
    4246.905  0.360E+04       2.446       2.424       0.000     317.753  0.201E-02
    4639.274  0.360E+04       2.322       3.382       0.000     319.379  0.170E-02
    5048.879  0.360E+04       2.270       4.192       0.000     321.008  0.143E-02
    5473.906  0.360E+04       2.286       4.903       0.000     322.566  0.123E-02
    5911.210  0.360E+04       2.388       5.565       0.000     324.025  0.108E-02
    6357.074  0.360E+04       2.611       6.211       0.000     325.420  0.926E-03
    6807.468  0.360E+04       2.900       6.918       0.000     326.812  0.767E-03
    7257.928  0.360E+04       3.159       7.651       0.000     328.225  0.617E-03
    7705.808  0.360E+04       3.338       8.367       0.000     329.704  0.484E-03
    8150.697  0.360E+04       3.477       9.044       0.000     331.202  0.379E-03
    8592.437  0.360E+04       3.583       9.690       0.000     332.673  0.294E-03
    9030.945  0.360E+04       3.673      10.309       0.000     334.098  0.225E-03
    9466.198  0.360E+04       3.810      10.846       0.000     335.593  0.165E-03
    9898.251  0.360E+04       4.069      11.306       0.000     337.135  0.116E-03
   10327.119  0.360E+04       4.389      11.795       0.000     338.704  0.840E-04
   10752.839  0.360E+04       4.577      12.312       0.000     340.379  0.626E-04
   11175.507  0.360E+04       4.620      12.890       0.000     342.128  0.468E-04
   11595.208  0.360E+04       4.634      13.509       0.000     344.025  0.346E-04
   12012.092  0.360E+04       4.655      14.048       0.000     346.077  0.256E-04
   12426.325  0.360E+04       4.656      14.360       0.000     348.327  0.190E-04
   12838.062  0.360E+04       4.637      14.343       0.000     350.708  0.142E-04
   13247.410  0.360E+04       4.617      13.965       0.000     353.247  0.108E-04
   13654.557  0.360E+04       4.545      13.312       0.000     356.028  0.822E-05
   14059.812  0.360E+04       4.339      12.473       0.000     359.211  0.652E-05
   14472.526  0.360E+04       3.900      11.507       0.000     363.009  0.545E-05
   14907.593  0.360E+04       3.238      10.420       0.000     367.812  0.464E-05
   15373.182  0.360E+04       2.340       9.148       0.000     374.083  0.405E-05
   15875.554  0.360E+04       1.047       7.783       0.000     382.074  0.352E-05
   16423.002  0.360E+04      -0.530       6.472       0.000     392.358  0.305E-05
   17026.328  0.360E+04      -2.212       5.250       0.000     405.007  0.257E-05
   17699.668  0.360E+04      -3.934       4.002       0.000     420.371  0.222E-05
   18462.156  0.360E+04      -5.635       2.874       0.000     438.801  0.202E-05
   19341.107  0.360E+04      -7.366       1.944       0.000     461.408  0.194E-05
   20377.828  0.360E+04      -9.021       1.128       0.000     489.405  0.193E-05
   21637.475  0.360E+04     -10.733       0.561       0.000     524.330  0.198E-05
   23233.932  0.360E+04     -12.339       0.186       0.000     570.310  0.207E-05
   25403.471  0.360E+04     -14.651      -0.138       0.000     638.914  0.222E-05
   28775.170  0.360E+04     -16.509      -0.183       0.000     761.130  0.246E-05
   36312.422  0.360E+04     -27.235       0.173       0.000    1092.736  0.285E-05

nudging time scales and initial profiles
height    t_nudge    u_nudge    v_nudge    w_nudge    thl_nudge    qt_nudge
# 864000.0
       0.000  0.360E+04       0.000       0.000       0.000     287.937  0.944E-02
      14.903  0.360E+04       2.120      -8.001       0.000     288.302  0.944E-02
      39.413  0.360E+04       2.302      -8.747       0.000     288.303  0.944E-02
      73.465  0.360E+04       2.390      -9.189       0.000     288.303  0.944E-02
     118.371  0.360E+04       2.435      -9.523       0.000     288.303  0.944E-02
     174.131  0.360E+04       2.445      -9.823       0.000     288.303  0.944E-02
     239.958  0.360E+04       2.414     -10.125       0.000     288.304  0.944E-02
     317.290  0.360E+04       2.315     -10.445       0.000     288.304  0.944E-02
     408.631  0.360E+04       2.012     -10.806       0.000     288.305  0.944E-02
     514.577  0.360E+04       1.461     -10.880       0.000     288.306  0.944E-02
     635.472  0.360E+04       0.999     -10.461       0.000     288.307  0.944E-02
     682.126  0.360E+04       0.925     -10.165       0.000     288.307  0.944E-02
     682.143  0.360E+04       0.925     -10.165       0.000     302.443  0.349E-02
     775.906  0.360E+04       0.784      -9.599       0.000     302.954  0.349E-02
     935.462  0.360E+04       0.865      -8.600       0.000     303.812  0.349E-02
    1112.461  0.360E+04       1.104      -7.576       0.000     304.747  0.349E-02
    1307.025  0.360E+04       1.415      -6.558       0.000     305.757  0.349E-02
    1519.396  0.360E+04       1.732      -5.587       0.000     306.838  0.349E-02
    1749.926  0.360E+04       2.033      -4.672       0.000     307.985  0.349E-02
    1998.841  0.360E+04       2.302      -3.820       0.000     309.194  0.352E-02
    2265.980  0.360E+04       2.527      -3.023       0.000     310.281  0.353E-02
    2551.158  0.360E+04       2.688      -2.237       0.000     311.312  0.345E-02
    2854.457  0.360E+04       2.781      -1.400       0.000     312.390  0.322E-02
    3175.886  0.360E+04       2.792      -0.479       0.000     313.580  0.291E-02
    3515.195  0.360E+04       2.717       0.487       0.000     314.880  0.263E-02
    3872.191  0.360E+04       2.590       1.447       0.000     316.277  0.232E-02
    4246.905  0.360E+04       2.446       2.424       0.000     317.753  0.201E-02
    4639.274  0.360E+04       2.322       3.382       0.000     319.379  0.170E-02
    5048.879  0.360E+04       2.270       4.192       0.000     321.008  0.143E-02
    5473.906  0.360E+04       2.286       4.903       0.000     322.566  0.123E-02
    5911.210  0.360E+04       2.388       5.565       0.000     324.025  0.108E-02
    6357.074  0.360E+04       2.611       6.211       0.000     325.420  0.926E-03
    6807.468  0.360E+04       2.900       6.918       0.000     326.812  0.767E-03
    7257.928  0.360E+04       3.159       7.651       0.000     328.225  0.617E-03
    7705.808  0.360E+04       3.338       8.367       0.000     329.704  0.484E-03
    8150.697  0.360E+04       3.477       9.044       0.000     331.202  0.379E-03
    8592.437  0.360E+04       3.583       9.690       0.000     332.673  0.294E-03
    9030.945  0.360E+04       3.673      10.309       0.000     334.098  0.225E-03
    9466.198  0.360E+04       3.810      10.846       0.000     335.593  0.165E-03
    9898.251  0.360E+04       4.069      11.306       0.000     337.135  0.116E-03
   10327.119  0.360E+04       4.389      11.795       0.000     338.704  0.840E-04
   10752.839  0.360E+04       4.577      12.312       0.000     340.379  0.626E-04
   11175.507  0.360E+04       4.620      12.890       0.000     342.128  0.468E-04
   11595.208  0.360E+04       4.634      13.509       0.000     344.025  0.346E-04
   12012.092  0.360E+04       4.655      14.048       0.000     346.077  0.256E-04
   12426.325  0.360E+04       4.656      14.360       0.000     348.327  0.190E-04
   12838.062  0.360E+04       4.637      14.343       0.000     350.708  0.142E-04
   13247.410  0.360E+04       4.617      13.965       0.000     353.247  0.108E-04
   13654.557  0.360E+04       4.545      13.312       0.000     356.028  0.822E-05
   14059.812  0.360E+04       4.339      12.473       0.000     359.211  0.652E-05
   14472.526  0.360E+04       3.900      11.507       0.000     363.009  0.545E-05
   14907.593  0.360E+04       3.238      10.420       0.000     367.812  0.464E-05
   15373.182  0.360E+04       2.340       9.148       0.000     374.083  0.405E-05
   15875.554  0.360E+04       1.047       7.783       0.000     382.074  0.352E-05
   16423.002  0.360E+04      -0.530       6.472       0.000     392.358  0.305E-05
   17026.328  0.360E+04      -2.212       5.250       0.000     405.007  0.257E-05
   17699.668  0.360E+04      -3.934       4.002       0.000     420.371  0.222E-05
   18462.156  0.360E+04      -5.635       2.874       0.000     438.801  0.202E-05
   19341.107  0.360E+04      -7.366       1.944       0.000     461.408  0.194E-05
   20377.828  0.360E+04      -9.021       1.128       0.000     489.405  0.193E-05
   21637.475  0.360E+04     -10.733       0.561       0.000     524.330  0.198E-05
   23233.932  0.360E+04     -12.339       0.186       0.000     570.310  0.207E-05
   25403.471  0.360E+04     -14.651      -0.138       0.000     638.914  0.222E-05
   28775.170  0.360E+04     -16.509      -0.183       0.000     761.130  0.246E-05
   36312.422  0.360E+04     -27.235       0.173       0.000    1092.736  0.285E-05
