     292.960    64
       4.944     236.417  0.206E-05  0.927E-05   0.
      14.833     226.076  0.190E-05  0.113E-04   0.
      24.721     220.279  0.184E-05  0.845E-05   0.
      34.609     217.073  0.185E-05  0.582E-05   0.
      44.498     215.061  0.192E-05  0.372E-05   0.
      54.386     213.158  0.205E-05  0.241E-05   0.
      64.275     211.478  0.224E-05  0.156E-05   0.
      74.163     210.176  0.254E-05  0.101E-05   0.
      84.052     209.357  0.304E-05  0.696E-06   0.
      93.941     208.957  0.387E-05  0.524E-06   0.
     103.832     208.875  0.484E-05  0.397E-06   0.
     113.725     208.983  0.536E-05  0.312E-06   0.
     123.620     209.905  0.579E-05  0.285E-06   0.
     133.519     211.359  0.624E-05  0.262E-06   0.
     143.422     213.150  0.711E-05  0.241E-06   0.
     153.412     215.102  0.863E-05  0.223E-06   0.
     163.800     217.168  0.112E-04  0.206E-06   0.
     174.829     219.369  0.148E-04  0.191E-06   0.
     186.533     221.722  0.197E-04  0.177E-06   0.
     198.949     224.254  0.263E-04  0.162E-06   0.
     212.117     226.954  0.357E-04  0.149E-06   0.
     226.076     229.837  0.487E-04  0.138E-06   0.
     240.868     232.869  0.662E-04  0.128E-06   0.
     256.538     236.031  0.893E-04  0.118E-06   0.
     273.130     239.283  0.118E-03  0.109E-06   0.
     290.692     242.640  0.156E-03  0.101E-06   0.
     309.275     246.057  0.200E-03  0.961E-07   0.
     328.930     249.522  0.251E-03  0.912E-07   0.
     349.710     253.030  0.317E-03  0.864E-07   0.
     371.674     255.840  0.385E-03  0.819E-07   0.
     394.879     258.643  0.489E-03  0.787E-07   0.
     419.378     261.546  0.629E-03  0.763E-07   0.
     445.210     264.473  0.792E-03  0.739E-07   0.
     472.271     267.319  0.966E-03  0.715E-07   0.
     500.318     270.068  0.109E-02  0.693E-07   0.
     529.089     272.651  0.119E-02  0.673E-07   0.
     558.305     275.045  0.141E-02  0.654E-07   0.
     587.676     277.253  0.177E-02  0.636E-07   0.
     616.979     279.446  0.219E-02  0.620E-07   0.
     646.061     281.617  0.250E-02  0.607E-07   0.
     674.794     283.653  0.278E-02  0.600E-07   0.
     703.056     285.562  0.327E-02  0.594E-07   0.
     730.705     287.464  0.377E-02  0.588E-07   0.
     757.592     289.314  0.410E-02  0.579E-07   0.
     783.597     290.982  0.433E-02  0.572E-07   0.
     808.616     292.422  0.443E-02  0.564E-07   0.
     832.527     293.608  0.436E-02  0.555E-07   0.
     855.204     294.668  0.427E-02  0.547E-07   0.
     876.560     295.611  0.427E-02  0.538E-07   0.
     896.526     296.446  0.427E-02  0.529E-07   0.
     915.028     297.181  0.427E-02  0.520E-07   0.
     931.990     297.822  0.427E-02  0.508E-07   0.
     935.248     297.942  0.427E-02  0.506E-07   0.
     935.250     286.239  0.120E-01  0.506E-07   0.
     947.369     287.292  0.120E-01  0.497E-07   0.
     961.161     288.480  0.120E-01  0.489E-07   0.
     973.365     289.521  0.120E-01  0.483E-07   0.
     983.975     290.418  0.120E-01  0.479E-07   0.
     993.021     291.177  0.120E-01  0.476E-07   0.
    1000.766     291.824  0.120E-01  0.473E-07   0.
    1007.360     292.371  0.120E-01  0.471E-07   0.
    1012.691     292.812  0.120E-01  0.470E-07   0.
    1016.747     293.146  0.120E-01  0.468E-07   0.
    1019.672     293.387  0.120E-01  0.467E-07   0.
