       0.000  0.000E+00  0.000E+00  0.000E+00
       9.428 -0.285E-04 -0.113E-07 -0.158E-04
      34.289 -0.104E-03 -0.113E-07 -0.158E-04
      68.837 -0.208E-03 -0.113E-07 -0.158E-04
     114.394 -0.346E-03 -0.113E-07 -0.158E-04
     170.994 -0.518E-03 -0.113E-07 -0.159E-04
     237.813 -0.722E-03 -0.113E-07 -0.159E-04
     316.318 -0.960E-03 -0.113E-07 -0.159E-04
     409.064 -0.124E-02 -0.113E-07 -0.160E-04
     516.640 -0.156E-02 -0.113E-07 -0.160E-04
     639.394 -0.192E-02 -0.113E-07 -0.161E-04
     748.326 -0.222E-02 -0.113E-07 -0.162E-04
     748.342 -0.232E-02 -0.111E-07 -0.162E-04
     778.875 -0.242E-02 -0.111E-07 -0.162E-04
     939.334 -0.286E-02 -0.111E-07 -0.163E-04
    1117.376 -0.333E-02 -0.107E-07 -0.162E-04
    1313.170 -0.383E-02 -0.821E-08 -0.155E-04
    1526.932 -0.431E-02 -0.556E-08 -0.146E-04
    1759.078 -0.478E-02 -0.275E-08 -0.138E-04
    2009.848 -0.521E-02  0.208E-09 -0.128E-04
    2279.083 -0.557E-02  0.324E-08 -0.119E-04
    2566.642 -0.583E-02  0.547E-08 -0.113E-04
    2872.597 -0.600E-02  0.788E-08 -0.120E-04
    3196.993 -0.616E-02  0.910E-08 -0.144E-04
    3539.651 -0.629E-02  0.692E-08 -0.155E-04
    3900.446 -0.641E-02  0.508E-08 -0.146E-04
    4279.444 -0.650E-02  0.608E-08 -0.146E-04
    4676.625 -0.656E-02  0.634E-08 -0.164E-04
    5091.726 -0.659E-02  0.449E-08 -0.167E-04
    5523.170 -0.658E-02  0.241E-08 -0.153E-04
    5967.885 -0.653E-02  0.163E-08 -0.126E-04
    6422.192 -0.644E-02  0.209E-08 -0.966E-05
    6881.992 -0.632E-02  0.231E-08 -0.716E-05
    7342.648 -0.616E-02  0.202E-08 -0.572E-05
    7801.369 -0.596E-02  0.158E-08 -0.583E-05
    8257.799 -0.575E-02  0.108E-08 -0.483E-05
    8711.827 -0.550E-02  0.812E-09  0.482E-05
    9162.783 -0.521E-02  0.676E-09  0.885E-05
    9610.014 -0.491E-02  0.525E-09  0.917E-05
   10053.547 -0.458E-02  0.420E-09  0.976E-05
   10493.405 -0.422E-02  0.318E-09  0.958E-05
   10929.680 -0.386E-02  0.231E-09  0.924E-05
   11362.496 -0.347E-02  0.163E-09  0.820E-05
   11791.980 -0.306E-02  0.108E-09  0.586E-05
   12218.344 -0.264E-02  0.688E-10  0.264E-05
   12641.844 -0.219E-02  0.411E-10 -0.240E-06
   13062.741 -0.173E-02  0.235E-10 -0.178E-05
   13481.344 -0.124E-02  0.125E-10 -0.232E-05
   13897.904 -0.729E-03  0.539E-11 -0.206E-05
   14312.675 -0.191E-03  0.931E-12 -0.970E-06
   14735.007  0.000E+00  0.000E+00 -0.193E-05
   15179.800  0.000E+00  0.000E+00 -0.409E-05
   15655.035  0.000E+00  0.000E+00 -0.561E-05
   16166.875  0.000E+00  0.000E+00 -0.649E-05
   16723.783  0.000E+00  0.000E+00 -0.559E-05
   17336.340  0.000E+00  0.000E+00 -0.552E-05
   18017.801  0.000E+00  0.000E+00 -0.675E-05
   18786.836  0.000E+00  0.000E+00 -0.725E-05
   19670.473  0.000E+00  0.000E+00 -0.655E-05
   20709.348  0.000E+00  0.000E+00 -0.377E-05
   21967.828  0.000E+00  0.000E+00 -0.457E-06
   23558.268  0.000E+00  0.000E+00  0.115E-05
   25713.363  0.000E+00  0.000E+00  0.474E-05
   29052.574  0.000E+00  0.000E+00  0.129E-04
   36493.645  0.000E+00  0.000E+00 -0.109E-05
