
nudging time scales and initial profiles
height    t_nudge    u_nudge    v_nudge    w_nudge    thl_nudge    qt_nudge
# 0.0
       0.000  0.360E+04       0.000       0.000       0.000     291.244  0.120E-01
       9.428  0.360E+04      -1.738      -6.366       0.000     291.759  0.120E-01
      34.289  0.360E+04      -1.874      -6.829       0.000     291.759  0.120E-01
      68.837  0.360E+04      -1.946      -7.062       0.000     291.759  0.120E-01
     114.394  0.360E+04      -2.001      -7.224       0.000     291.760  0.120E-01
     170.994  0.360E+04      -2.054      -7.359       0.000     291.760  0.120E-01
     237.813  0.360E+04      -2.107      -7.473       0.000     291.760  0.120E-01
     316.318  0.360E+04      -2.164      -7.562       0.000     291.761  0.120E-01
     409.064  0.360E+04      -2.245      -7.631       0.000     291.762  0.120E-01
     516.640  0.360E+04      -2.361      -7.620       0.000     291.762  0.120E-01
     639.394  0.360E+04      -2.459      -7.361       0.000     291.763  0.120E-01
     748.326  0.360E+04      -2.531      -7.027       0.000     291.764  0.120E-01
     748.342  0.360E+04      -2.531      -7.027       0.000     303.693  0.427E-02
     778.875  0.360E+04      -2.551      -6.938       0.000     303.874  0.427E-02
     939.334  0.360E+04      -2.495      -6.319       0.000     304.814  0.427E-02
    1117.376  0.360E+04      -2.183      -5.747       0.000     305.840  0.427E-02
    1313.170  0.360E+04      -1.694      -5.199       0.000     306.947  0.427E-02
    1526.932  0.360E+04      -1.160      -4.684       0.000     308.131  0.427E-02
    1759.078  0.360E+04      -0.633      -4.144       0.000     309.388  0.436E-02
    2009.848  0.360E+04      -0.141      -3.545       0.000     310.713  0.443E-02
    2279.083  0.360E+04       0.301      -2.868       0.000     311.972  0.433E-02
    2566.642  0.360E+04       0.685      -2.130       0.000     313.188  0.410E-02
    2872.597  0.360E+04       1.015      -1.361       0.000     314.413  0.377E-02
    3196.993  0.360E+04       1.337      -0.560       0.000     315.792  0.327E-02
    3539.651  0.360E+04       1.733       0.252       0.000     317.379  0.278E-02
    3900.446  0.360E+04       2.176       1.045       0.000     319.042  0.250E-02
    4279.444  0.360E+04       2.589       1.751       0.000     320.774  0.219E-02
    4676.625  0.360E+04       2.861       2.392       0.000     322.710  0.177E-02
    5091.726  0.360E+04       3.033       3.039       0.000     324.863  0.141E-02
    5523.170  0.360E+04       3.238       3.755       0.000     327.017  0.119E-02
    5967.885  0.360E+04       3.558       4.595       0.000     329.134  0.109E-02
    6422.192  0.360E+04       4.045       5.451       0.000     331.195  0.966E-03
    6881.992  0.360E+04       4.677       6.179       0.000     333.239  0.792E-03
    7342.648  0.360E+04       5.216       6.758       0.000     335.225  0.629E-03
    7801.369  0.360E+04       5.636       7.222       0.000     337.253  0.489E-03
    8257.799  0.360E+04       6.058       7.683       0.000     339.418  0.385E-03
    8711.827  0.360E+04       6.476       8.181       0.000     341.582  0.317E-03
    9162.783  0.360E+04       6.834       8.691       0.000     342.791  0.251E-03
    9610.014  0.360E+04       7.115       9.224       0.000     344.032  0.200E-03
   10053.547  0.360E+04       7.366       9.761       0.000     345.312  0.156E-03
   10493.405  0.360E+04       7.573      10.279       0.000     346.651  0.118E-03
   10929.680  0.360E+04       7.683      10.789       0.000     348.116  0.893E-04
   11362.496  0.360E+04       7.682      11.326       0.000     349.690  0.662E-04
   11791.980  0.360E+04       7.639      11.898       0.000     351.440  0.487E-04
   12218.344  0.360E+04       7.612      12.385       0.000     353.407  0.357E-04
   12641.844  0.360E+04       7.569      12.657       0.000     355.653  0.263E-04
   13062.741  0.360E+04       7.460      12.766       0.000     358.170  0.197E-04
   13481.344  0.360E+04       7.324      12.757       0.000     360.990  0.148E-04
   13897.904  0.360E+04       7.168      12.534       0.000     364.081  0.112E-04
   14312.675  0.360E+04       6.689      11.968       0.000     367.429  0.863E-05
   14735.007  0.360E+04       5.708      11.173       0.000     371.164  0.711E-05
   15179.800  0.360E+04       4.369      10.341       0.000     375.644  0.624E-05
   15655.035  0.360E+04       2.875       9.438       0.000     381.357  0.579E-05
   16166.875  0.360E+04       1.300       8.253       0.000     388.840  0.536E-05
   16723.783  0.360E+04      -0.509       6.799       0.000     398.872  0.484E-05
   17336.340  0.360E+04      -2.463       5.426       0.000     410.602  0.387E-05
   18017.801  0.360E+04      -4.446       4.182       0.000     424.668  0.304E-05
   18786.836  0.360E+04      -6.404       3.001       0.000     441.847  0.254E-05
   19670.473  0.360E+04      -8.380       1.962       0.000     463.130  0.224E-05
   20709.348  0.360E+04     -10.183       1.165       0.000     489.623  0.205E-05
   21967.828  0.360E+04     -12.036       0.641       0.000     523.134  0.192E-05
   23558.268  0.360E+04     -13.513       0.276       0.000     567.321  0.185E-05
   25713.363  0.360E+04     -15.616      -0.133       0.000     633.772  0.184E-05
   29052.574  0.360E+04     -17.477      -0.287       0.000     752.623  0.190E-05
   36493.645  0.360E+04     -28.455       0.082       0.000    1077.142  0.206E-05

nudging time scales and initial profiles
height    t_nudge    u_nudge    v_nudge    w_nudge    thl_nudge    qt_nudge
# 864000.0
       0.000  0.360E+04       0.000       0.000       0.000     291.244  0.120E-01
       9.428  0.360E+04      -1.738      -6.366       0.000     291.759  0.120E-01
      34.289  0.360E+04      -1.874      -6.829       0.000     291.759  0.120E-01
      68.837  0.360E+04      -1.946      -7.062       0.000     291.759  0.120E-01
     114.394  0.360E+04      -2.001      -7.224       0.000     291.760  0.120E-01
     170.994  0.360E+04      -2.054      -7.359       0.000     291.760  0.120E-01
     237.813  0.360E+04      -2.107      -7.473       0.000     291.760  0.120E-01
     316.318  0.360E+04      -2.164      -7.562       0.000     291.761  0.120E-01
     409.064  0.360E+04      -2.245      -7.631       0.000     291.762  0.120E-01
     516.640  0.360E+04      -2.361      -7.620       0.000     291.762  0.120E-01
     639.394  0.360E+04      -2.459      -7.361       0.000     291.763  0.120E-01
     748.326  0.360E+04      -2.531      -7.027       0.000     291.764  0.120E-01
     748.342  0.360E+04      -2.531      -7.027       0.000     303.693  0.427E-02
     778.875  0.360E+04      -2.551      -6.938       0.000     303.874  0.427E-02
     939.334  0.360E+04      -2.495      -6.319       0.000     304.814  0.427E-02
    1117.376  0.360E+04      -2.183      -5.747       0.000     305.840  0.427E-02
    1313.170  0.360E+04      -1.694      -5.199       0.000     306.947  0.427E-02
    1526.932  0.360E+04      -1.160      -4.684       0.000     308.131  0.427E-02
    1759.078  0.360E+04      -0.633      -4.144       0.000     309.388  0.436E-02
    2009.848  0.360E+04      -0.141      -3.545       0.000     310.713  0.443E-02
    2279.083  0.360E+04       0.301      -2.868       0.000     311.972  0.433E-02
    2566.642  0.360E+04       0.685      -2.130       0.000     313.188  0.410E-02
    2872.597  0.360E+04       1.015      -1.361       0.000     314.413  0.377E-02
    3196.993  0.360E+04       1.337      -0.560       0.000     315.792  0.327E-02
    3539.651  0.360E+04       1.733       0.252       0.000     317.379  0.278E-02
    3900.446  0.360E+04       2.176       1.045       0.000     319.042  0.250E-02
    4279.444  0.360E+04       2.589       1.751       0.000     320.774  0.219E-02
    4676.625  0.360E+04       2.861       2.392       0.000     322.710  0.177E-02
    5091.726  0.360E+04       3.033       3.039       0.000     324.863  0.141E-02
    5523.170  0.360E+04       3.238       3.755       0.000     327.017  0.119E-02
    5967.885  0.360E+04       3.558       4.595       0.000     329.134  0.109E-02
    6422.192  0.360E+04       4.045       5.451       0.000     331.195  0.966E-03
    6881.992  0.360E+04       4.677       6.179       0.000     333.239  0.792E-03
    7342.648  0.360E+04       5.216       6.758       0.000     335.225  0.629E-03
    7801.369  0.360E+04       5.636       7.222       0.000     337.253  0.489E-03
    8257.799  0.360E+04       6.058       7.683       0.000     339.418  0.385E-03
    8711.827  0.360E+04       6.476       8.181       0.000     341.582  0.317E-03
    9162.783  0.360E+04       6.834       8.691       0.000     342.791  0.251E-03
    9610.014  0.360E+04       7.115       9.224       0.000     344.032  0.200E-03
   10053.547  0.360E+04       7.366       9.761       0.000     345.312  0.156E-03
   10493.405  0.360E+04       7.573      10.279       0.000     346.651  0.118E-03
   10929.680  0.360E+04       7.683      10.789       0.000     348.116  0.893E-04
   11362.496  0.360E+04       7.682      11.326       0.000     349.690  0.662E-04
   11791.980  0.360E+04       7.639      11.898       0.000     351.440  0.487E-04
   12218.344  0.360E+04       7.612      12.385       0.000     353.407  0.357E-04
   12641.844  0.360E+04       7.569      12.657       0.000     355.653  0.263E-04
   13062.741  0.360E+04       7.460      12.766       0.000     358.170  0.197E-04
   13481.344  0.360E+04       7.324      12.757       0.000     360.990  0.148E-04
   13897.904  0.360E+04       7.168      12.534       0.000     364.081  0.112E-04
   14312.675  0.360E+04       6.689      11.968       0.000     367.429  0.863E-05
   14735.007  0.360E+04       5.708      11.173       0.000     371.164  0.711E-05
   15179.800  0.360E+04       4.369      10.341       0.000     375.644  0.624E-05
   15655.035  0.360E+04       2.875       9.438       0.000     381.357  0.579E-05
   16166.875  0.360E+04       1.300       8.253       0.000     388.840  0.536E-05
   16723.783  0.360E+04      -0.509       6.799       0.000     398.872  0.484E-05
   17336.340  0.360E+04      -2.463       5.426       0.000     410.602  0.387E-05
   18017.801  0.360E+04      -4.446       4.182       0.000     424.668  0.304E-05
   18786.836  0.360E+04      -6.404       3.001       0.000     441.847  0.254E-05
   19670.473  0.360E+04      -8.380       1.962       0.000     463.130  0.224E-05
   20709.348  0.360E+04     -10.183       1.165       0.000     489.623  0.205E-05
   21967.828  0.360E+04     -12.036       0.641       0.000     523.134  0.192E-05
   23558.268  0.360E+04     -13.513       0.276       0.000     567.321  0.185E-05
   25713.363  0.360E+04     -15.616      -0.133       0.000     633.772  0.184E-05
   29052.574  0.360E+04     -17.477      -0.287       0.000     752.623  0.190E-05
   36493.645  0.360E+04     -28.455       0.082       0.000    1077.142  0.206E-05
