    1020.785     291.244      11.951       0.000       0.000
       9.428     291.759      11.951      -1.738      -6.366
      34.289     291.759      11.951      -1.874      -6.829
      68.837     291.759      11.951      -1.946      -7.062
     114.394     291.760      11.951      -2.001      -7.224
     170.994     291.760      11.951      -2.054      -7.359
     237.813     291.760      11.951      -2.107      -7.473
     316.318     291.761      11.951      -2.164      -7.562
     409.064     291.762      11.951      -2.245      -7.631
     516.640     291.762      11.951      -2.361      -7.620
     639.394     291.763      11.951      -2.459      -7.361
     748.326     291.764      11.951      -2.531      -7.027
     748.342     303.693       4.266      -2.531      -7.027
     778.875     303.874       4.266      -2.551      -6.938
     939.334     304.814       4.266      -2.495      -6.319
    1117.376     305.840       4.266      -2.183      -5.747
    1313.170     306.947       4.266      -1.694      -5.199
    1526.932     308.131       4.266      -1.160      -4.684
    1759.078     309.388       4.359      -0.633      -4.144
    2009.848     310.713       4.428      -0.141      -3.545
    2279.083     311.972       4.327       0.301      -2.868
    2566.642     313.188       4.099       0.685      -2.130
    2872.597     314.413       3.767       1.015      -1.361
    3196.993     315.792       3.267       1.337      -0.560
    3539.651     317.379       2.782       1.733       0.252
    3900.446     319.042       2.496       2.176       1.045
    4279.444     320.774       2.194       2.589       1.751
    4676.625     322.710       1.769       2.861       2.392
    5091.726     324.863       1.409       3.033       3.039
    5523.170     327.017       1.190       3.238       3.755
    5967.885     329.134       1.086       3.558       4.595
    6422.192     331.195       0.966       4.045       5.451
    6881.992     333.239       0.792       4.677       6.179
    7342.648     335.225       0.629       5.216       6.758
    7801.369     337.253       0.489       5.636       7.222
    8257.799     339.418       0.385       6.058       7.683
    8711.827     341.582       0.317       6.476       8.181
    9162.783     342.791       0.251       6.834       8.691
    9610.014     344.032       0.200       7.115       9.224
   10053.547     345.312       0.156       7.366       9.761
   10493.405     346.651       0.118       7.573      10.279
   10929.680     348.116       0.089       7.683      10.789
   11362.496     349.690       0.066       7.682      11.326
   11791.980     351.440       0.049       7.639      11.898
   12218.344     353.407       0.036       7.612      12.385
   12641.844     355.653       0.026       7.569      12.657
   13062.741     358.170       0.020       7.460      12.766
   13481.344     360.990       0.015       7.324      12.757
   13897.904     364.081       0.011       7.168      12.534
   14312.675     367.429       0.009       6.689      11.968
   14735.007     371.164       0.007       5.708      11.173
   15179.800     375.644       0.006       4.369      10.341
   15655.035     381.357       0.006       2.875       9.438
   16166.875     388.840       0.005       1.300       8.253
   16723.783     398.872       0.005      -0.509       6.799
   17336.340     410.602       0.004      -2.463       5.426
   18017.801     424.668       0.003      -4.446       4.182
   18786.836     441.847       0.003      -6.404       3.001
   19670.473     463.130       0.002      -8.380       1.962
   20709.348     489.623       0.002     -10.183       1.165
   21967.828     523.134       0.002     -12.036       0.641
   23558.268     567.321       0.002     -13.513       0.276
   25713.363     633.772       0.002     -15.616      -0.133
   29052.574     752.623       0.002     -17.477      -0.287
   36493.645    1077.142       0.002     -28.455       0.082
