    0.0
   25.0
   50.0
   75.0
  100.0
  125.0
  150.0
  175.0
  200.0
  225.0
  250.0
  275.0
  300.0
  322.8
  343.7
  362.7
  380.1
  396.0
  410.5
  423.7
  435.8
  446.9
  457.0
  466.2
  474.6
  482.3
  489.3
  495.7
  501.6
  506.9
  511.9
  516.9
  521.9
  526.9
  531.9
  536.9
  541.9
  546.9
  551.9
  556.9
  561.9
  566.9
  571.9
  576.9
  581.9
  586.9
  591.9
  596.9
  601.9
  606.9
  611.9
  616.9
  621.9
  626.9
  631.9
  636.9
  641.9
  646.9
  651.9
  656.9
  661.9
  666.9
  671.9
  676.9
  681.9
  686.9
  691.9
  696.9
  701.9
  706.9
  711.9
  716.9
  721.9
  726.9
  731.9
  736.9
  741.9
  746.9
  751.9
  756.9
  761.9
  766.9
  771.9
  776.9
  781.9
  786.9
  791.9
  796.9
  801.9
  806.9
  811.9
  816.9
  821.9
  826.9
  831.9
  836.9
  841.9
  846.9
  851.9
  856.9
  861.9
  866.9
  871.9
  876.9
  881.9
  886.9
  891.9
  896.9
  901.9
  906.9
  911.9
  916.9
  921.9
  926.9
  931.9
  936.9
  941.9
  946.9
  951.9
  956.9
  961.9
  966.9
  971.9
  976.9
  981.9
  986.9
  991.9
  996.9
 1001.9
 1006.9
 1011.9
 1016.9
 1021.9
 1026.9
 1031.9
 1036.9
 1041.9
 1046.9
 1051.9
 1056.9
 1061.9
 1066.9
 1071.9
 1076.9
 1081.9
 1086.9
 1091.9
 1096.9
 1101.9
 1106.9
 1111.9
 1116.9
 1121.9
 1126.9
 1131.9
 1136.9
 1141.9
 1146.9
 1151.9
 1156.9
 1161.9
 1166.9
 1171.9
 1176.9
 1181.9
 1186.9
 1191.9
 1196.9
 1201.9
 1206.9
 1211.9
 1216.9
 1221.9
 1226.9
 1231.9
 1236.9
 1241.9
 1246.9
 1251.9
 1256.9
 1261.9
 1266.9
 1271.9
 1276.9
 1281.9
 1286.9
 1291.9
 1296.9
 1301.9
 1306.9
 1311.9
 1316.9
 1321.9
 1326.9
 1331.9
 1336.9
 1341.9
 1346.9
 1351.9
 1356.9
 1361.9
 1366.9
 1371.9
 1376.9
 1381.9
 1386.9
 1391.9
 1396.9
 1401.9
 1406.9
 1411.9
 1416.9
 1421.9
 1426.9
 1431.9
 1436.9
 1441.9
 1446.9
 1451.9
 1456.9
 1461.9
 1466.9
 1471.9
 1476.9
 1481.9
 1486.9
 1491.9
 1496.9
 1501.9
 1506.9
 1511.9
 1516.9
 1521.9
 1526.9
 1531.9
 1536.9
 1541.9
 1546.9
 1551.9
 1556.9
 1561.9
 1566.9
 1571.9
 1576.9
 1581.9
 1586.9
 1591.9
 1596.9
 1601.9
 1606.9
 1611.9
 1616.9
 1621.9
 1626.9
 1631.9
 1636.9
 1641.9
 1646.9
 1651.9
 1656.9
 1661.9
 1666.9
 1671.9
 1676.9
 1681.9
 1686.9
 1691.9
 1696.9
 1701.9
 1706.9
 1711.9
 1716.9
 1721.9
 1726.9
 1731.9
 1736.9
 1741.9
 1746.9
 1751.9
 1756.9
 1761.9
 1766.9
 1771.9
 1776.9
 1781.9
 1786.9
 1791.9
 1796.9
 1802.8
 1809.2
 1816.2
 1823.9
 1832.3
 1841.5
 1851.6
 1862.6
 1874.7
 1888.0
 1902.5
 1918.3
 1935.7
 1954.8
 1975.6
 1998.5
 2023.5
 2050.8
 2080.8
 2113.6
 2149.6
 2188.9
 2232.0
 2279.2
 2330.9
 2387.5
 2449.4
 2517.3
 2591.5
 2672.9
 2762.0
 2859.5
 2966.3
