    0.00     1.90   295.07     0.00     0.00
    6.00     1.90   295.48     0.00     0.00
   12.00     1.90   296.09     0.00     0.00
   18.00     1.90   296.58     0.00     0.00
   24.00     1.90   296.98     0.00     0.00
   30.00     1.90   297.33     0.00     0.00
   36.00     1.90   297.84     0.00     0.00
   42.00     1.90   298.44     0.00     0.00
   48.00     1.90   298.69     0.00     0.00
   54.00     1.90   299.12     0.00     0.00
   60.00     1.90   299.48     0.00     0.00
   66.00     1.90   299.75     0.00     0.00
   72.00     1.90   299.96     0.00     0.00
   78.00    -2.79   300.25     0.00     0.00
   84.00    -3.30   300.33     0.00     0.00
   90.00    -4.27   300.53     0.00     0.00
   96.00    -4.99   300.57     0.00     0.00
  102.00    -5.32   300.68     0.00     0.00
  108.00    -5.18   300.79     0.00     0.00
  114.00    -6.82   300.87     0.00     0.00
  120.00    -6.26   300.87     0.00     0.00
  126.00    -5.11   300.89     0.00     0.00
  132.00    -5.45   300.87     0.00     0.00
  138.00    -5.44   300.94     0.00     0.00
  144.00    -5.86   300.98     0.00     0.00
