 1015.87   291.78    10.75    -3.36    -5.37
  952.52   291.78    10.75    -3.36    -4.36
  986.04   300.97     6.04    -3.36    -4.30
 1032.55   301.30     5.97    -3.36    -4.24
 1080.91   301.64     5.90    -3.36    -4.19
 1129.27   301.97     5.83    -3.36    -4.13
 1177.62   302.30     5.77    -3.36    -4.07
 1225.98   302.63     5.70    -3.36    -4.02
 1274.34   302.97     5.63    -3.36    -3.96
 1323.97   303.30     5.56    -3.36    -3.91
 1373.60   303.63     5.49    -3.36    -3.85
 1423.24   303.96     5.42    -3.36    -3.79
 1472.87   304.30     5.35    -3.36    -3.74
 1522.50   304.63     5.28    -3.36    -3.68
 1573.38   304.96     5.22    -3.36    -3.63
 1624.26   305.30     5.15    -3.36    -3.57
 1675.14   305.63     5.08    -3.36    -3.51
 1726.02   305.96     5.01    -3.36    -3.46
 1776.90   306.29     4.94    -3.36    -3.40
 1829.25   306.63     4.87    -3.36    -3.34
 1881.60   306.96     4.80    -3.36    -3.29
 1933.94   307.29     4.73    -3.36    -3.23
 1986.29   307.62     4.67    -3.36    -3.18
 2038.64   307.96     4.60    -3.36    -3.12
 2092.48   308.29     4.53    -3.36    -3.06
 2146.33   308.62     4.46    -3.36    -3.01
 2200.17   308.95     4.39    -3.36    -2.95
 2254.02   309.29     4.32    -3.36    -2.89
 2307.86   309.62     4.25    -3.36    -2.84
 2363.32   309.95     4.19    -3.36    -2.78
 2418.78   310.29     4.12    -3.36    -2.73
 2474.23   310.62     4.05    -3.36    -2.67
 2529.69   310.95     3.98    -3.36    -2.61
 2585.15   311.28     3.91    -3.36    -2.56
 2642.88   311.62     3.84    -3.36    -2.50
 2700.62   311.95     3.77    -3.36    -2.44
 2758.35   312.28     3.70    -3.36    -2.39
 2816.09   312.61     3.64    -3.36    -2.33
 2873.82   312.95     3.57    -3.36    -2.28
 2931.56   313.28     3.50    -3.36    -2.22
 2989.29   313.61     3.43    -3.36    -2.16
 3047.03   313.95     3.36    -3.36    -2.11
 3104.77   314.28     3.29    -3.36    -2.05
 3162.50   314.61     3.22    -3.36    -1.99
