    0.00     1.84   293.06     0.00     0.00
    6.00     1.84   293.18     0.00     0.00
   12.00     1.84   293.58     0.00     0.00
   18.00     1.84   293.80     0.00     0.00
   24.00     1.84   294.36     0.00     0.00
   30.00     1.84   294.92     0.00     0.00
   36.00     1.84   295.46     0.00     0.00
   42.00     1.84   295.61     0.00     0.00
   48.00     1.84   296.04     0.00     0.00
   54.00     1.84   296.55     0.00     0.00
   60.00     1.84   297.11     0.00     0.00
   66.00     1.84   297.64     0.00     0.00
   72.00     1.84   297.97     0.00     0.00
   78.00     1.75   298.44     0.00     0.00
   84.00    -0.11   298.86     0.00     0.00
   90.00     0.89   299.19     0.00     0.00
   96.00    -0.88   299.40     0.00     0.00
  102.00    -1.32   299.87     0.00     0.00
  108.00    -3.22   300.20     0.00     0.00
  114.00    -3.08   300.40     0.00     0.00
  120.00    -5.16   300.43     0.00     0.00
  126.00    -6.54   300.52     0.00     0.00
  132.00    -5.78   300.61     0.00     0.00
  138.00    -6.81   300.69     0.00     0.00
  144.00    -7.43   300.76     0.00     0.00
