 1017.62   289.24     9.27    -0.74    -6.06
  852.52   289.24     9.27    -0.74    -4.69
  901.68   302.79     3.30    -0.74    -4.60
  948.76   303.06     3.29    -0.74    -4.52
  995.84   303.34     3.27    -0.74    -4.43
 1042.92   303.61     3.26    -0.74    -4.34
 1091.47   303.89     3.24    -0.74    -4.26
 1140.02   304.16     3.23    -0.74    -4.17
 1188.57   304.44     3.21    -0.74    -4.09
 1237.12   304.71     3.20    -0.74    -4.00
 1285.67   304.99     3.18    -0.74    -3.91
 1335.60   305.26     3.17    -0.74    -3.83
 1385.52   305.54     3.15    -0.74    -3.74
 1435.45   305.81     3.14    -0.74    -3.66
 1485.38   306.09     3.12    -0.74    -3.57
 1535.31   306.36     3.11    -0.74    -3.48
 1586.27   306.64     3.09    -0.74    -3.40
 1637.23   306.91     3.08    -0.74    -3.31
 1688.19   307.19     3.06    -0.74    -3.23
 1739.15   307.47     3.05    -0.74    -3.14
 1790.10   307.74     3.03    -0.74    -3.05
 1842.38   308.02     3.02    -0.74    -2.97
 1894.66   308.29     3.00    -0.74    -2.88
 1946.94   308.57     2.99    -0.74    -2.80
 1999.22   308.84     2.97    -0.74    -2.71
 2051.50   309.12     2.96    -0.74    -2.62
 2105.28   309.39     2.94    -0.74    -2.54
 2159.06   309.67     2.93    -0.74    -2.45
 2212.84   309.94     2.91    -0.74    -2.37
 2266.63   310.22     2.90    -0.74    -2.28
 2320.41   310.49     2.88    -0.74    -2.19
 2375.87   310.77     2.87    -0.74    -2.11
 2431.34   311.04     2.85    -0.74    -2.02
 2486.80   311.32     2.84    -0.74    -1.94
 2542.27   311.59     2.82    -0.74    -1.85
 2597.73   311.87     2.81    -0.74    -1.76
 2655.72   312.14     2.79    -0.74    -1.68
 2713.72   312.42     2.78    -0.74    -1.59
 2771.71   312.70     2.76    -0.74    -1.51
 2829.71   312.97     2.75    -0.74    -1.42
 2887.70   313.25     2.73    -0.74    -1.33
 2945.70   313.52     2.72    -0.74    -1.25
 3003.69   313.80     2.70    -0.74    -1.16
 3061.69   314.07     2.69    -0.74    -1.08
 3119.68   314.35     2.67    -0.74    -0.99
 3177.67   314.62     2.66    -0.74    -0.90
