     290.960    64
       4.944     239.096  0.274E-05  0.927E-05   0.
      14.833     228.112  0.239E-05  0.113E-04   0.
      24.721     221.672  0.217E-05  0.845E-05   0.
      34.609     217.823  0.202E-05  0.582E-05   0.
      44.498     215.169  0.194E-05  0.372E-05   0.
      54.386     212.623  0.191E-05  0.241E-05   0.
      64.275     210.300  0.192E-05  0.156E-05   0.
      74.163     208.356  0.199E-05  0.101E-05   0.
      84.052     206.894  0.218E-05  0.696E-06   0.
      93.941     205.851  0.254E-05  0.524E-06   0.
     103.832     205.318  0.303E-05  0.397E-06   0.
     113.725     205.280  0.339E-05  0.312E-06   0.
     123.620     206.054  0.371E-05  0.285E-06   0.
     133.519     207.362  0.409E-05  0.262E-06   0.
     143.422     209.005  0.477E-05  0.241E-06   0.
     153.412     210.810  0.585E-05  0.223E-06   0.
     163.800     212.721  0.748E-05  0.206E-06   0.
     174.829     214.758  0.969E-05  0.191E-06   0.
     186.533     216.937  0.127E-04  0.177E-06   0.
     198.949     219.285  0.167E-04  0.162E-06   0.
     212.117     221.789  0.223E-04  0.149E-06   0.
     226.076     224.465  0.300E-04  0.138E-06   0.
     240.868     227.278  0.404E-04  0.128E-06   0.
     256.538     230.207  0.539E-04  0.118E-06   0.
     273.130     233.213  0.709E-04  0.109E-06   0.
     290.692     236.309  0.923E-04  0.101E-06   0.
     309.275     239.450  0.118E-03  0.961E-07   0.
     328.930     242.623  0.147E-03  0.912E-07   0.
     349.710     245.823  0.184E-03  0.864E-07   0.
     371.674     248.995  0.234E-03  0.819E-07   0.
     394.879     252.172  0.311E-03  0.787E-07   0.
     419.378     255.449  0.415E-03  0.763E-07   0.
     445.210     258.744  0.543E-03  0.739E-07   0.
     472.271     261.940  0.686E-03  0.715E-07   0.
     500.318     265.016  0.801E-03  0.693E-07   0.
     529.089     267.894  0.907E-03  0.673E-07   0.
     558.305     270.551  0.110E-02  0.654E-07   0.
     587.676     272.989  0.140E-02  0.636E-07   0.
     616.979     275.389  0.176E-02  0.620E-07   0.
     646.061     277.745  0.203E-02  0.607E-07   0.
     674.794     279.942  0.229E-02  0.600E-07   0.
     703.056     281.991  0.272E-02  0.594E-07   0.
     730.705     284.018  0.316E-02  0.588E-07   0.
     757.592     285.978  0.347E-02  0.579E-07   0.
     783.597     287.740  0.370E-02  0.572E-07   0.
     808.616     289.260  0.383E-02  0.564E-07   0.
     832.527     290.514  0.380E-02  0.555E-07   0.
     855.204     291.640  0.375E-02  0.547E-07   0.
     876.560     292.647  0.375E-02  0.538E-07   0.
     896.526     293.543  0.375E-02  0.529E-07   0.
     915.028     294.336  0.375E-02  0.520E-07   0.
     931.990     295.032  0.375E-02  0.508E-07   0.
     934.681     295.140  0.375E-02  0.506E-07   0.
     934.683     283.979  0.103E-01  0.506E-07   0.
     947.369     285.074  0.103E-01  0.497E-07   0.
     961.161     286.252  0.103E-01  0.489E-07   0.
     973.365     287.285  0.103E-01  0.483E-07   0.
     983.975     288.175  0.103E-01  0.479E-07   0.
     993.021     288.929  0.103E-01  0.476E-07   0.
    1000.766     289.570  0.103E-01  0.473E-07   0.
    1007.360     290.114  0.103E-01  0.471E-07   0.
    1012.691     290.551  0.103E-01  0.470E-07   0.
    1016.747     290.883  0.103E-01  0.468E-07   0.
    1019.672     291.121  0.103E-01  0.467E-07   0.
