       0.000  0.000E+00  0.000E+00  0.000E+00
       9.350 -0.297E-04 -0.994E-08 -0.158E-04
      33.995 -0.108E-03 -0.994E-08 -0.158E-04
      68.242 -0.217E-03 -0.994E-08 -0.158E-04
     113.403 -0.362E-03 -0.994E-08 -0.158E-04
     169.511 -0.541E-03 -0.994E-08 -0.159E-04
     235.748 -0.753E-03 -0.994E-08 -0.159E-04
     313.570 -0.100E-02 -0.994E-08 -0.159E-04
     405.509 -0.129E-02 -0.994E-08 -0.160E-04
     512.150 -0.163E-02 -0.994E-08 -0.160E-04
     633.837 -0.200E-02 -0.994E-08 -0.161E-04
     746.889 -0.233E-02 -0.994E-08 -0.162E-04
     746.906 -0.243E-02 -0.981E-08 -0.162E-04
     771.896 -0.252E-02 -0.981E-08 -0.162E-04
     930.786 -0.298E-02 -0.981E-08 -0.163E-04
    1107.049 -0.347E-02 -0.940E-08 -0.162E-04
    1300.842 -0.399E-02 -0.707E-08 -0.153E-04
    1512.367 -0.449E-02 -0.457E-08 -0.144E-04
    1742.022 -0.498E-02 -0.191E-08 -0.133E-04
    1990.027 -0.542E-02  0.889E-09 -0.122E-04
    2256.207 -0.579E-02  0.365E-08 -0.108E-04
    2540.399 -0.606E-02  0.559E-08 -0.957E-05
    2842.644 -0.624E-02  0.755E-08 -0.985E-05
    3162.955 -0.640E-02  0.843E-08 -0.120E-04
    3501.124 -0.654E-02  0.651E-08 -0.126E-04
    3856.975 -0.665E-02  0.491E-08 -0.113E-04
    4230.515 -0.674E-02  0.557E-08 -0.110E-04
    4621.662 -0.679E-02  0.558E-08 -0.128E-04
    5030.097 -0.682E-02  0.401E-08 -0.128E-04
    5454.177 -0.680E-02  0.234E-08 -0.108E-04
    5890.780 -0.674E-02  0.170E-08 -0.738E-05
    6336.192 -0.664E-02  0.192E-08 -0.420E-05
    6786.316 -0.650E-02  0.195E-08 -0.130E-05
    7236.553 -0.633E-02  0.163E-08  0.108E-06
    7684.138 -0.612E-02  0.123E-08 -0.880E-06
    8128.710 -0.589E-02  0.832E-09 -0.152E-05
    8570.163 -0.562E-02  0.554E-09 -0.516E-06
    9008.430 -0.534E-02  0.404E-09  0.664E-06
    9443.447 -0.502E-02  0.317E-09  0.184E-05
    9875.219 -0.469E-02  0.255E-09  0.272E-05
   10303.743 -0.433E-02  0.194E-09  0.294E-05
   10729.089 -0.396E-02  0.142E-09  0.284E-05
   11151.360 -0.356E-02  0.101E-09  0.154E-05
   11570.663 -0.315E-02  0.676E-10 -0.893E-06
   11987.188 -0.271E-02  0.432E-10 -0.340E-05
   12401.173 -0.226E-02  0.261E-10 -0.500E-05
   12812.863 -0.178E-02  0.150E-10 -0.567E-05
   13222.548 -0.128E-02  0.810E-11 -0.560E-05
   13630.464 -0.752E-03  0.352E-11 -0.475E-05
   14036.848 -0.197E-03  0.644E-12 -0.300E-05
   14450.858  0.000E+00  0.000E+00 -0.377E-05
   14887.120  0.000E+00  0.000E+00 -0.606E-05
   15353.501  0.000E+00  0.000E+00 -0.785E-05
   15856.110  0.000E+00  0.000E+00 -0.918E-05
   16403.342  0.000E+00  0.000E+00 -0.903E-05
   17006.129  0.000E+00  0.000E+00 -0.901E-05
   17678.516  0.000E+00  0.000E+00 -0.965E-05
   18439.697  0.000E+00  0.000E+00 -0.102E-04
   19317.049  0.000E+00  0.000E+00 -0.956E-05
   20351.734  0.000E+00  0.000E+00 -0.632E-05
   21608.959  0.000E+00  0.000E+00 -0.121E-05
   23202.557  0.000E+00  0.000E+00  0.416E-05
   25368.217  0.000E+00  0.000E+00  0.163E-04
   28733.082  0.000E+00  0.000E+00  0.427E-04
   36250.008  0.000E+00  0.000E+00  0.803E-04
