  -12.5
   12.5
   37.5
   62.5
   87.5
  112.5
  137.5
  161.4
  183.3
  203.2
  221.4
  238.1
  253.2
  267.1
  279.8
  291.4
  301.9
  311.6
  320.4
  328.4
  335.8
  342.5
  348.6
  354.2
  359.4
  364.4
  369.4
  374.4
  379.4
  384.4
  389.4
  394.4
  399.4
  404.4
  409.4
  414.4
  419.4
  424.4
  429.4
  434.4
  439.4
  444.4
  449.4
  454.4
  459.4
  464.4
  469.4
  474.4
  479.4
  484.4
  489.4
  494.4
  499.4
  504.4
  509.4
  514.4
  519.4
  524.4
  529.4
  534.4
  539.4
  544.4
  549.4
  554.4
  559.4
  564.4
  569.4
  574.4
  579.4
  584.4
  589.4
  594.4
  599.4
  604.4
  609.4
  614.4
  619.4
  624.4
  629.4
  634.4
  639.4
  644.4
  649.4
  654.4
  659.4
  664.4
  669.4
  674.4
  679.4
  684.4
  689.4
  694.4
  699.4
  704.4
  709.4
  714.4
  719.4
  724.4
  729.4
  734.4
  739.4
  744.4
  749.4
  754.4
  759.4
  764.4
  769.4
  774.4
  779.4
  784.4
  789.4
  794.4
  799.4
  804.4
  809.4
  814.4
  819.4
  824.4
  829.4
  834.4
  839.4
  844.4
  849.4
  854.4
  859.4
  864.4
  869.4
  874.4
  879.4
  884.4
  889.4
  894.4
  899.4
  904.4
  909.4
  914.4
  919.4
  924.4
  929.4
  934.4
  939.4
  944.4
  949.4
  954.4
  959.4
  964.4
  969.4
  974.4
  979.4
  984.4
  989.4
  994.4
  999.4
 1004.4
 1009.4
 1014.4
 1019.4
 1024.4
 1029.4
 1034.4
 1039.4
 1044.4
 1049.4
 1054.4
 1059.4
 1064.4
 1069.4
 1074.4
 1079.4
 1084.4
 1089.4
 1094.4
 1099.4
 1104.4
 1109.4
 1114.4
 1119.4
 1124.4
 1129.4
 1134.4
 1139.4
 1144.4
 1149.4
 1154.4
 1159.4
 1164.4
 1169.4
 1174.4
 1179.4
 1184.4
 1189.4
 1194.4
 1199.4
 1204.4
 1209.4
 1214.4
 1219.4
 1224.4
 1229.4
 1234.4
 1239.4
 1244.4
 1249.4
 1254.4
 1259.4
 1264.4
 1269.4
 1274.4
 1279.4
 1284.4
 1289.4
 1294.4
 1299.4
 1304.4
 1309.4
 1314.4
 1319.4
 1324.4
 1329.4
 1334.4
 1339.4
 1344.4
 1349.4
 1354.4
 1359.4
 1364.4
 1369.4
 1374.4
 1379.4
 1384.4
 1389.4
 1394.4
 1399.4
 1404.4
 1409.4
 1414.4
 1419.4
 1424.4
 1429.4
 1434.4
 1439.4
 1444.4
 1449.4
 1454.4
 1459.4
 1464.4
 1469.4
 1474.4
 1479.4
 1484.4
 1489.4
 1494.4
 1499.4
 1504.4
 1509.4
 1514.4
 1519.4
 1524.4
 1529.4
 1534.4
 1539.4
 1544.4
 1549.4
 1554.4
 1559.4
 1564.4
 1569.4
 1574.4
 1579.4
 1584.4
 1589.4
 1594.4
 1599.4
 1604.4
 1609.4
 1614.4
 1619.4
 1624.4
 1629.4
 1634.4
 1639.4
 1644.4
 1649.4
 1654.4
 1659.4
 1664.4
 1669.4
 1674.4
 1679.4
 1684.4
 1689.4
 1694.4
 1699.4
 1704.4
 1709.4
 1714.4
 1719.4
 1724.4
 1729.4
 1734.4
 1739.4
 1744.4
 1749.4
 1754.4
 1759.4
 1764.4
 1769.4
 1774.4
 1779.4
 1784.4
 1789.4
 1794.4
 1799.4
 1804.4
 1809.4
 1814.4
 1819.4
 1824.4
 1829.4
 1834.4
 1839.4
 1844.4
 1849.4
 1854.4
 1859.4
 1864.4
 1869.4
 1874.4
 1879.4
 1884.4
 1889.4
 1894.4
 1899.4
 1904.4
 1909.4
 1914.4
 1919.4
 1924.4
 1929.4
 1934.4
 1939.4
 1944.4
 1949.4
 1954.4
 1959.4
 1964.4
 1969.4
 1974.4
 1979.4
 1984.4
 1989.4
 1994.4
 1999.4
 2004.8
 2011.0
 2017.7
 2025.0
 2033.1
 2041.9
 2051.5
 2062.1
 2073.7
 2086.3
 2100.2
 2115.4
 2132.0
 2150.3
 2170.2
 2192.0
 2216.0
 2242.1
 2270.8
 2302.2
 2336.6
 2374.3
 2415.5
 2460.6
 2510.0
 2564.2
 2623.4
 2688.3
 2759.4
 2837.2
 2922.4
 3015.7
 3117.9
 3229.8
 3352.3
 3486.4
 3633.3
 3794.1
 3970.2
