     299.260    62
       4.944     233.587  0.178E-05  0.914E-05   0.
      14.833     224.160  0.162E-05  0.103E-04   0.
      24.721     218.858  0.163E-05  0.783E-05   0.
      34.609     215.275  0.172E-05  0.583E-05   0.
      44.498     212.114  0.188E-05  0.424E-05   0.
      54.386     209.454  0.213E-05  0.306E-05   0.
      64.275     207.394  0.260E-05  0.222E-05   0.
      74.163     204.974  0.323E-05  0.162E-05   0.
      84.051     202.214  0.386E-05  0.121E-05   0.
      93.940     200.031  0.445E-05  0.938E-06   0.
     103.829     199.647  0.515E-05  0.755E-06   0.
     113.717     200.562  0.620E-05  0.629E-06   0.
     123.606     202.767  0.803E-05  0.562E-06   0.
     133.496     205.433  0.105E-04  0.510E-06   0.
     143.386     208.218  0.138E-04  0.470E-06   0.
     153.360     211.068  0.181E-04  0.435E-06   0.
     163.726     213.953  0.239E-04  0.391E-06   0.
     174.728     216.929  0.315E-04  0.349E-06   0.
     186.399     220.038  0.417E-04  0.311E-06   0.
     198.775     223.322  0.544E-04  0.275E-06   0.
     211.895     226.733  0.699E-04  0.244E-06   0.
     225.797     230.250  0.893E-04  0.225E-06   0.
     240.523     233.837  0.113E-03  0.208E-06   0.
     256.116     237.486  0.142E-03  0.187E-06   0.
     272.622     241.144  0.180E-03  0.167E-06   0.
     290.086     244.801  0.235E-03  0.152E-06   0.
     308.558     248.447  0.316E-03  0.143E-06   0.
     328.089     252.091  0.399E-03  0.134E-06   0.
     348.733     255.824  0.490E-03  0.125E-06   0.
     370.545     258.987  0.549E-03  0.116E-06   0.
     393.583     262.099  0.600E-03  0.109E-06   0.
     417.900     265.177  0.645E-03  0.104E-06   0.
     443.533     268.189  0.657E-03  0.978E-07   0.
     470.379     271.088  0.625E-03  0.920E-07   0.
     498.197     273.739  0.646E-03  0.868E-07   0.
     526.728     276.021  0.769E-03  0.826E-07   0.
     555.693     277.940  0.103E-02  0.786E-07   0.
     584.808     279.706  0.152E-02  0.753E-07   0.
     613.851     281.534  0.207E-02  0.723E-07   0.
     642.671     283.424  0.254E-02  0.696E-07   0.
     671.142     285.217  0.293E-02  0.676E-07   0.
     699.143     286.824  0.345E-02  0.657E-07   0.
     726.535     288.256  0.413E-02  0.639E-07   0.
     753.169     289.635  0.472E-02  0.621E-07   0.
     778.929     290.821  0.548E-02  0.605E-07   0.
     803.710     291.592  0.670E-02  0.590E-07   0.
     827.392     292.042  0.849E-02  0.576E-07   0.
     849.853     292.256  0.103E-01  0.564E-07   0.
     871.005     292.418  0.122E-01  0.553E-07   0.
     890.781     293.072  0.134E-01  0.544E-07   0.
     909.107     293.842  0.143E-01  0.536E-07   0.
     925.907     294.597  0.152E-01  0.528E-07   0.
     941.143     295.333  0.160E-01  0.521E-07   0.
     954.807     296.049  0.168E-01  0.515E-07   0.
     966.898     296.750  0.173E-01  0.509E-07   0.
     977.412     297.521  0.177E-01  0.505E-07   0.
     986.379     298.244  0.179E-01  0.502E-07   0.
     994.057     298.897  0.180E-01  0.499E-07   0.
    1000.598     299.450  0.181E-01  0.497E-07   0.
    1005.888     299.901  0.182E-01  0.495E-07   0.
    1009.915     300.255  0.184E-01  0.494E-07   0.
    1012.821     300.540  0.187E-01  0.493E-07   0.
