       0.000  0.000E+00  0.000E+00  0.000E+00
      11.022 -0.177E-04 -0.136E-07 -0.126E-04
      36.581 -0.586E-04 -0.136E-07 -0.126E-04
      72.092 -0.116E-03 -0.136E-07 -0.127E-04
     118.886 -0.191E-03 -0.136E-07 -0.127E-04
     176.987 -0.285E-03 -0.136E-07 -0.127E-04
     245.540 -0.395E-03 -0.136E-07 -0.127E-04
     326.081 -0.525E-03 -0.136E-07 -0.128E-04
     421.203 -0.677E-03 -0.136E-07 -0.128E-04
     531.590 -0.853E-03 -0.135E-07 -0.129E-04
     657.668 -0.105E-02 -0.135E-07 -0.129E-04
     800.002 -0.127E-02 -0.135E-07 -0.130E-04
     959.217 -0.150E-02 -0.135E-07 -0.130E-04
    1135.731 -0.175E-02 -0.108E-07 -0.123E-04
    1329.726 -0.201E-02 -0.508E-08 -0.107E-04
    1541.665 -0.226E-02  0.101E-08 -0.901E-05
    1772.182 -0.251E-02  0.742E-08 -0.714E-05
    2021.543 -0.273E-02  0.141E-07 -0.515E-05
    2289.653 -0.291E-02  0.105E-07 -0.373E-05
    2576.422 -0.304E-02  0.695E-08 -0.287E-05
    2881.943 -0.313E-02  0.634E-08 -0.270E-05
    3206.347 -0.321E-02  0.583E-08 -0.199E-05
    3549.444 -0.328E-02  0.424E-08 -0.313E-06
    3911.027 -0.334E-02  0.384E-08  0.151E-05
    4291.169 -0.339E-02  0.444E-08  0.172E-05
    4689.982 -0.343E-02  0.435E-08 -0.113E-06
    5107.364 -0.344E-02  0.302E-08 -0.208E-05
    5541.888 -0.344E-02  0.151E-08 -0.207E-05
    5990.434 -0.342E-02  0.534E-09 -0.999E-06
    6449.056 -0.338E-02 -0.498E-10  0.487E-06
    6913.361 -0.331E-02 -0.649E-10  0.266E-05
    7378.534 -0.322E-02  0.205E-09  0.477E-05
    7841.636 -0.312E-02  0.326E-09  0.690E-05
    8302.092 -0.300E-02  0.361E-09  0.100E-04
    8759.634 -0.287E-02  0.479E-09  0.171E-04
    9213.651 -0.272E-02  0.524E-09  0.185E-04
    9663.659 -0.256E-02  0.468E-09  0.188E-04
   10109.661 -0.238E-02  0.363E-09  0.184E-04
   10551.607 -0.220E-02  0.231E-09  0.179E-04
   10989.416 -0.200E-02  0.153E-09  0.177E-04
   11423.027 -0.180E-02  0.109E-09  0.172E-04
   11852.457 -0.158E-02  0.792E-10  0.166E-04
   12277.765 -0.136E-02  0.558E-10  0.154E-04
   12699.047 -0.113E-02  0.377E-10  0.133E-04
   13116.468 -0.884E-03  0.243E-10  0.103E-04
   13530.246 -0.632E-03  0.136E-10  0.741E-05
   13940.631 -0.370E-03  0.601E-11  0.508E-05
   14347.771 -0.954E-04  0.117E-11  0.308E-05
   14760.696  0.000E+00  0.000E+00  0.489E-07
   15193.646  0.000E+00  0.000E+00 -0.370E-05
   15653.769  0.000E+00  0.000E+00 -0.785E-05
   16146.311  0.000E+00  0.000E+00 -0.119E-04
   16679.523  0.000E+00  0.000E+00 -0.136E-04
   17265.350  0.000E+00  0.000E+00 -0.131E-04
   17920.584  0.000E+00  0.000E+00 -0.104E-04
   18666.967  0.000E+00  0.000E+00 -0.712E-05
   19531.143  0.000E+00  0.000E+00 -0.581E-05
   20550.967  0.000E+00  0.000E+00 -0.509E-05
   21789.898  0.000E+00  0.000E+00 -0.142E-05
   23362.873  0.000E+00  0.000E+00  0.347E-05
   25502.109  0.000E+00  0.000E+00  0.761E-05
   28816.355  0.000E+00  0.000E+00  0.132E-04
   36181.047  0.000E+00  0.000E+00 -0.489E-05
