
nudging time scales and initial profiles
height    t_nudge    u_nudge    v_nudge    w_nudge    thl_nudge    qt_nudge
# 0.0
       0.000  0.360E+04       0.000       0.000       0.000     298.068  0.187E-01
      11.022  0.360E+04      -7.273      -2.701       0.000     299.448  0.187E-01
      36.581  0.360E+04      -7.835      -2.894       0.000     299.410  0.184E-01
      72.092  0.360E+04      -8.123      -2.981       0.000     299.398  0.182E-01
     118.886  0.360E+04      -8.339      -3.037       0.000     299.399  0.181E-01
     176.987  0.360E+04      -8.544      -3.076       0.000     299.406  0.180E-01
     245.540  0.360E+04      -8.763      -3.100       0.000     299.414  0.179E-01
     326.081  0.360E+04      -9.000      -3.090       0.000     299.469  0.177E-01
     421.203  0.360E+04      -9.199      -2.998       0.000     299.616  0.173E-01
     531.590  0.360E+04      -9.264      -2.815       0.000     299.986  0.168E-01
     657.668  0.360E+04      -9.272      -2.585       0.000     300.495  0.160E-01
     800.002  0.360E+04      -9.203      -2.322       0.000     301.146  0.152E-01
     959.217  0.360E+04      -8.995      -2.048       0.000     301.949  0.143E-01
    1135.731  0.360E+04      -8.680      -1.788       0.000     302.915  0.134E-01
    1329.726  0.360E+04      -8.354      -1.534       0.000     304.183  0.122E-01
    1541.665  0.360E+04      -7.952      -1.226       0.000     306.157  0.103E-01
    1772.182  0.360E+04      -7.515      -0.964       0.000     308.282  0.849E-02
    2021.543  0.360E+04      -7.107      -0.709       0.000     310.370  0.670E-02
    2289.653  0.360E+04      -6.722      -0.506       0.000     312.331  0.548E-02
    2576.422  0.360E+04      -6.393      -0.430       0.000     314.060  0.472E-02
    2881.943  0.360E+04      -6.052      -0.367       0.000     315.795  0.413E-02
    3206.347  0.360E+04      -5.626      -0.288       0.000     317.694  0.345E-02
    3549.444  0.360E+04      -5.186      -0.207       0.000     319.624  0.293E-02
    3911.027  0.360E+04      -4.734      -0.136       0.000     321.572  0.254E-02
    4291.169  0.360E+04      -4.392      -0.125       0.000     323.641  0.207E-02
    4689.982  0.360E+04      -4.144      -0.266       0.000     326.021  0.152E-02
    5107.364  0.360E+04      -3.857      -0.539       0.000     328.722  0.103E-02
    5541.888  0.360E+04      -3.487      -0.864       0.000     331.482  0.769E-03
    5990.434  0.360E+04      -2.989      -1.097       0.000     334.012  0.646E-03
    6449.056  0.360E+04      -2.367      -1.154       0.000     336.251  0.625E-03
    6913.361  0.360E+04      -1.715      -0.909       0.000     338.285  0.657E-03
    7378.534  0.360E+04      -1.127      -0.450       0.000     340.221  0.645E-03
    7841.636  0.360E+04      -0.377      -0.114       0.000     342.080  0.600E-03
    8302.092  0.360E+04       0.591       0.045       0.000     343.892  0.549E-03
    8759.634  0.360E+04       1.751       0.162       0.000     345.629  0.490E-03
    9213.651  0.360E+04       2.990       0.325       0.000     346.574  0.399E-03
    9663.659  0.360E+04       4.098       0.527       0.000     347.604  0.316E-03
   10109.661  0.360E+04       5.077       0.665       0.000     348.595  0.235E-03
   10551.607  0.360E+04       5.816       0.822       0.000     349.533  0.180E-03
   10989.416  0.360E+04       6.397       1.006       0.000     350.426  0.142E-03
   11423.027  0.360E+04       6.956       1.139       0.000     351.288  0.113E-03
   11852.457  0.360E+04       7.541       1.159       0.000     352.197  0.893E-04
   12277.765  0.360E+04       8.083       1.118       0.000     353.169  0.699E-04
   12699.047  0.360E+04       8.488       1.121       0.000     354.265  0.544E-04
   13116.468  0.360E+04       8.708       1.149       0.000     355.523  0.417E-04
   13530.246  0.360E+04       8.780       1.203       0.000     357.032  0.315E-04
   13940.631  0.360E+04       8.818       1.322       0.000     358.736  0.239E-04
   14347.771  0.360E+04       8.816       1.462       0.000     360.573  0.181E-04
   14760.696  0.360E+04       8.647       1.490       0.000     362.602  0.138E-04
   15193.646  0.360E+04       8.134       1.456       0.000     365.129  0.105E-04
   15653.769  0.360E+04       6.968       1.409       0.000     368.402  0.803E-05
   16146.311  0.360E+04       4.993       1.411       0.000     373.177  0.620E-05
   16679.523  0.360E+04       1.876       1.208       0.000     381.255  0.515E-05
   17265.350  0.360E+04      -2.673       0.988       0.000     393.064  0.445E-05
   17920.584  0.360E+04      -7.378       1.068       0.000     410.180  0.386E-05
   18666.967  0.360E+04     -11.398       0.935       0.000     430.910  0.323E-05
   19531.143  0.360E+04     -14.266       0.674       0.000     454.187  0.260E-05
   20550.967  0.360E+04     -16.692       0.378       0.000     481.115  0.213E-05
   21789.898  0.360E+04     -19.646       0.196       0.000     515.964  0.188E-05
   23362.873  0.360E+04     -23.195       0.248       0.000     562.623  0.172E-05
   25502.109  0.360E+04     -27.260      -0.196       0.000     629.684  0.163E-05
   28816.355  0.360E+04     -28.393      -0.093       0.000     746.244  0.162E-05
   36181.047  0.360E+04     -28.403      -0.440       0.000    1064.245  0.178E-05

nudging time scales and initial profiles
height    t_nudge    u_nudge    v_nudge    w_nudge    thl_nudge    qt_nudge
# 864000.0
       0.000  0.360E+04       0.000       0.000       0.000     298.068  0.187E-01
      11.022  0.360E+04      -7.273      -2.701       0.000     299.448  0.187E-01
      36.581  0.360E+04      -7.835      -2.894       0.000     299.410  0.184E-01
      72.092  0.360E+04      -8.123      -2.981       0.000     299.398  0.182E-01
     118.886  0.360E+04      -8.339      -3.037       0.000     299.399  0.181E-01
     176.987  0.360E+04      -8.544      -3.076       0.000     299.406  0.180E-01
     245.540  0.360E+04      -8.763      -3.100       0.000     299.414  0.179E-01
     326.081  0.360E+04      -9.000      -3.090       0.000     299.469  0.177E-01
     421.203  0.360E+04      -9.199      -2.998       0.000     299.616  0.173E-01
     531.590  0.360E+04      -9.264      -2.815       0.000     299.986  0.168E-01
     657.668  0.360E+04      -9.272      -2.585       0.000     300.495  0.160E-01
     800.002  0.360E+04      -9.203      -2.322       0.000     301.146  0.152E-01
     959.217  0.360E+04      -8.995      -2.048       0.000     301.949  0.143E-01
    1135.731  0.360E+04      -8.680      -1.788       0.000     302.915  0.134E-01
    1329.726  0.360E+04      -8.354      -1.534       0.000     304.183  0.122E-01
    1541.665  0.360E+04      -7.952      -1.226       0.000     306.157  0.103E-01
    1772.182  0.360E+04      -7.515      -0.964       0.000     308.282  0.849E-02
    2021.543  0.360E+04      -7.107      -0.709       0.000     310.370  0.670E-02
    2289.653  0.360E+04      -6.722      -0.506       0.000     312.331  0.548E-02
    2576.422  0.360E+04      -6.393      -0.430       0.000     314.060  0.472E-02
    2881.943  0.360E+04      -6.052      -0.367       0.000     315.795  0.413E-02
    3206.347  0.360E+04      -5.626      -0.288       0.000     317.694  0.345E-02
    3549.444  0.360E+04      -5.186      -0.207       0.000     319.624  0.293E-02
    3911.027  0.360E+04      -4.734      -0.136       0.000     321.572  0.254E-02
    4291.169  0.360E+04      -4.392      -0.125       0.000     323.641  0.207E-02
    4689.982  0.360E+04      -4.144      -0.266       0.000     326.021  0.152E-02
    5107.364  0.360E+04      -3.857      -0.539       0.000     328.722  0.103E-02
    5541.888  0.360E+04      -3.487      -0.864       0.000     331.482  0.769E-03
    5990.434  0.360E+04      -2.989      -1.097       0.000     334.012  0.646E-03
    6449.056  0.360E+04      -2.367      -1.154       0.000     336.251  0.625E-03
    6913.361  0.360E+04      -1.715      -0.909       0.000     338.285  0.657E-03
    7378.534  0.360E+04      -1.127      -0.450       0.000     340.221  0.645E-03
    7841.636  0.360E+04      -0.377      -0.114       0.000     342.080  0.600E-03
    8302.092  0.360E+04       0.591       0.045       0.000     343.892  0.549E-03
    8759.634  0.360E+04       1.751       0.162       0.000     345.629  0.490E-03
    9213.651  0.360E+04       2.990       0.325       0.000     346.574  0.399E-03
    9663.659  0.360E+04       4.098       0.527       0.000     347.604  0.316E-03
   10109.661  0.360E+04       5.077       0.665       0.000     348.595  0.235E-03
   10551.607  0.360E+04       5.816       0.822       0.000     349.533  0.180E-03
   10989.416  0.360E+04       6.397       1.006       0.000     350.426  0.142E-03
   11423.027  0.360E+04       6.956       1.139       0.000     351.288  0.113E-03
   11852.457  0.360E+04       7.541       1.159       0.000     352.197  0.893E-04
   12277.765  0.360E+04       8.083       1.118       0.000     353.169  0.699E-04
   12699.047  0.360E+04       8.488       1.121       0.000     354.265  0.544E-04
   13116.468  0.360E+04       8.708       1.149       0.000     355.523  0.417E-04
   13530.246  0.360E+04       8.780       1.203       0.000     357.032  0.315E-04
   13940.631  0.360E+04       8.818       1.322       0.000     358.736  0.239E-04
   14347.771  0.360E+04       8.816       1.462       0.000     360.573  0.181E-04
   14760.696  0.360E+04       8.647       1.490       0.000     362.602  0.138E-04
   15193.646  0.360E+04       8.134       1.456       0.000     365.129  0.105E-04
   15653.769  0.360E+04       6.968       1.409       0.000     368.402  0.803E-05
   16146.311  0.360E+04       4.993       1.411       0.000     373.177  0.620E-05
   16679.523  0.360E+04       1.876       1.208       0.000     381.255  0.515E-05
   17265.350  0.360E+04      -2.673       0.988       0.000     393.064  0.445E-05
   17920.584  0.360E+04      -7.378       1.068       0.000     410.180  0.386E-05
   18666.967  0.360E+04     -11.398       0.935       0.000     430.910  0.323E-05
   19531.143  0.360E+04     -14.266       0.674       0.000     454.187  0.260E-05
   20550.967  0.360E+04     -16.692       0.378       0.000     481.115  0.213E-05
   21789.898  0.360E+04     -19.646       0.196       0.000     515.964  0.188E-05
   23362.873  0.360E+04     -23.195       0.248       0.000     562.623  0.172E-05
   25502.109  0.360E+04     -27.260      -0.196       0.000     629.684  0.163E-05
   28816.355  0.360E+04     -28.393      -0.093       0.000     746.244  0.162E-05
   36181.047  0.360E+04     -28.403      -0.440       0.000    1064.245  0.178E-05
