    1014.078     298.068      18.674       0.000       0.000
      11.022     299.448      18.674      -7.273      -2.701
      36.581     299.410      18.379      -7.835      -2.894
      72.092     299.398      18.233      -8.123      -2.981
     118.886     299.399      18.130      -8.339      -3.037
     176.987     299.406      18.033      -8.544      -3.076
     245.540     299.414      17.913      -8.763      -3.100
     326.081     299.469      17.690      -9.000      -3.090
     421.203     299.616      17.337      -9.199      -2.998
     531.590     299.986      16.782      -9.264      -2.815
     657.668     300.495      16.009      -9.272      -2.585
     800.002     301.146      15.158      -9.203      -2.322
     959.217     301.949      14.312      -8.995      -2.048
    1135.731     302.915      13.377      -8.680      -1.788
    1329.726     304.183      12.179      -8.354      -1.534
    1541.665     306.157      10.324      -7.952      -1.226
    1772.182     308.282       8.495      -7.515      -0.964
    2021.543     310.370       6.702      -7.107      -0.709
    2289.653     312.331       5.482      -6.722      -0.506
    2576.422     314.060       4.723      -6.393      -0.430
    2881.943     315.795       4.133      -6.052      -0.367
    3206.347     317.694       3.445      -5.626      -0.288
    3549.444     319.624       2.925      -5.186      -0.207
    3911.027     321.572       2.537      -4.734      -0.136
    4291.169     323.641       2.072      -4.392      -0.125
    4689.982     326.021       1.517      -4.144      -0.266
    5107.364     328.722       1.035      -3.857      -0.539
    5541.888     331.482       0.769      -3.487      -0.864
    5990.434     334.012       0.646      -2.989      -1.097
    6449.056     336.251       0.625      -2.367      -1.154
    6913.361     338.285       0.657      -1.715      -0.909
    7378.534     340.221       0.645      -1.127      -0.450
    7841.636     342.080       0.600      -0.377      -0.114
    8302.092     343.892       0.549       0.591       0.045
    8759.634     345.629       0.490       1.751       0.162
    9213.651     346.574       0.399       2.990       0.325
    9663.659     347.604       0.316       4.098       0.527
   10109.661     348.595       0.235       5.077       0.665
   10551.607     349.533       0.180       5.816       0.822
   10989.416     350.426       0.142       6.397       1.006
   11423.027     351.288       0.113       6.956       1.139
   11852.457     352.197       0.089       7.541       1.159
   12277.765     353.169       0.070       8.083       1.118
   12699.047     354.265       0.054       8.488       1.121
   13116.468     355.523       0.042       8.708       1.149
   13530.246     357.032       0.031       8.780       1.203
   13940.631     358.736       0.024       8.818       1.322
   14347.771     360.573       0.018       8.816       1.462
   14760.696     362.602       0.014       8.647       1.490
   15193.646     365.129       0.011       8.134       1.456
   15653.769     368.402       0.008       6.968       1.409
   16146.311     373.177       0.006       4.993       1.411
   16679.523     381.255       0.005       1.876       1.208
   17265.350     393.064       0.004      -2.673       0.988
   17920.584     410.180       0.004      -7.378       1.068
   18666.967     430.910       0.003     -11.398       0.935
   19531.143     454.187       0.003     -14.266       0.674
   20550.967     481.115       0.002     -16.692       0.378
   21789.898     515.964       0.002     -19.646       0.196
   23362.873     562.623       0.002     -23.195       0.248
   25502.109     629.684       0.002     -27.260      -0.196
   28816.355     746.244       0.002     -28.393      -0.093
   36181.047    1064.245       0.002     -28.403      -0.440
