     291.460    64
       4.944     237.161  0.215E-05  0.930E-05   0.
      14.833     226.596  0.196E-05  0.115E-04   0.
      24.721     220.673  0.189E-05  0.858E-05   0.
      34.609     217.466  0.189E-05  0.582E-05   0.
      44.498     215.445  0.195E-05  0.361E-05   0.
      54.386     213.599  0.207E-05  0.228E-05   0.
      64.275     211.870  0.226E-05  0.143E-05   0.
      74.163     210.548  0.257E-05  0.883E-06   0.
      84.052     209.702  0.310E-05  0.585E-06   0.
      93.941     209.215  0.392E-05  0.433E-06   0.
     103.830     209.019  0.487E-05  0.319E-06   0.
     113.722     209.048  0.558E-05  0.244E-06   0.
     123.615     209.747  0.638E-05  0.225E-06   0.
     133.510     210.944  0.723E-05  0.209E-06   0.
     143.407     212.603  0.837E-05  0.192E-06   0.
     153.391     214.573  0.992E-05  0.178E-06   0.
     163.770     216.797  0.126E-04  0.168E-06   0.
     174.787     219.256  0.167E-04  0.159E-06   0.
     186.478     221.863  0.223E-04  0.150E-06   0.
     198.878     224.574  0.301E-04  0.139E-06   0.
     212.026     227.376  0.413E-04  0.130E-06   0.
     225.962     230.318  0.564E-04  0.121E-06   0.
     240.727     233.377  0.772E-04  0.113E-06   0.
     256.365     236.554  0.104E-03  0.105E-06   0.
     272.922     239.805  0.141E-03  0.979E-07   0.
     290.444     243.153  0.198E-03  0.916E-07   0.
     308.981     246.547  0.286E-03  0.872E-07   0.
     328.586     250.002  0.394E-03  0.831E-07   0.
     349.310     253.538  0.522E-03  0.793E-07   0.
     371.212     256.390  0.642E-03  0.756E-07   0.
     394.348     259.209  0.784E-03  0.731E-07   0.
     418.773     262.056  0.957E-03  0.713E-07   0.
     444.523     264.966  0.114E-02  0.696E-07   0.
     471.496     267.887  0.132E-02  0.679E-07   0.
     499.450     270.765  0.149E-02  0.663E-07   0.
     528.123     273.518  0.164E-02  0.647E-07   0.
     557.235     276.083  0.185E-02  0.632E-07   0.
     586.503     278.453  0.215E-02  0.617E-07   0.
     615.699     280.665  0.251E-02  0.603E-07   0.
     644.673     282.840  0.285E-02  0.592E-07   0.
     673.299     284.918  0.318E-02  0.589E-07   0.
     701.455     286.915  0.347E-02  0.585E-07   0.
     728.998     288.841  0.380E-02  0.581E-07   0.
     755.782     290.697  0.403E-02  0.574E-07   0.
     781.687     292.425  0.407E-02  0.568E-07   0.
     806.608     293.930  0.400E-02  0.562E-07   0.
     830.425     295.145  0.393E-02  0.554E-07   0.
     853.014     296.232  0.391E-02  0.545E-07   0.
     874.286     297.202  0.391E-02  0.537E-07   0.
     894.174     298.061  0.391E-02  0.530E-07   0.
     912.604     298.819  0.391E-02  0.522E-07   0.
     929.500     299.482  0.391E-02  0.511E-07   0.
     940.092     299.883  0.391E-02  0.504E-07   0.
     940.094     285.431  0.109E-01  0.504E-07   0.
     944.820     285.840  0.109E-01  0.500E-07   0.
     958.560     287.020  0.109E-01  0.490E-07   0.
     970.718     288.055  0.109E-01  0.480E-07   0.
     981.288     288.946  0.109E-01  0.474E-07   0.
     990.302     289.701  0.109E-01  0.471E-07   0.
     998.020     290.344  0.109E-01  0.468E-07   0.
    1004.592     290.888  0.109E-01  0.466E-07   0.
    1009.906     291.327  0.109E-01  0.464E-07   0.
    1013.950     291.659  0.109E-01  0.463E-07   0.
    1016.867     291.899  0.109E-01  0.462E-07   0.
