       0.000  0.000E+00  0.000E+00  0.000E+00
      15.025 -0.740E-04 -0.853E-08 -0.127E-04
      39.745 -0.196E-03 -0.853E-08 -0.127E-04
      74.087 -0.365E-03 -0.853E-08 -0.128E-04
     119.377 -0.589E-03 -0.853E-08 -0.128E-04
     175.614 -0.868E-03 -0.853E-08 -0.128E-04
     242.003 -0.120E-02 -0.853E-08 -0.128E-04
     319.995 -0.158E-02 -0.853E-08 -0.129E-04
     412.116 -0.204E-02 -0.853E-08 -0.129E-04
     518.968 -0.256E-02 -0.853E-08 -0.130E-04
     640.895 -0.313E-02 -0.853E-08 -0.130E-04
     683.133 -0.333E-02 -0.853E-08 -0.130E-04
     683.158 -0.351E-02 -0.841E-08 -0.130E-04
     782.850 -0.397E-02 -0.841E-08 -0.131E-04
     943.963 -0.470E-02 -0.841E-08 -0.131E-04
    1122.725 -0.548E-02 -0.802E-08 -0.140E-04
    1319.270 -0.628E-02 -0.670E-08 -0.169E-04
    1533.854 -0.707E-02 -0.529E-08 -0.200E-04
    1766.845 -0.783E-02 -0.380E-08 -0.234E-04
    2018.490 -0.851E-02 -0.222E-08 -0.270E-04
    2288.645 -0.908E-02 -0.502E-09 -0.266E-04
    2577.152 -0.950E-02  0.416E-08 -0.268E-04
    2884.122 -0.977E-02  0.858E-08 -0.288E-04
    3209.595 -0.100E-01  0.937E-08 -0.315E-04
    3553.357 -0.102E-01  0.906E-08 -0.332E-04
    3915.258 -0.104E-01  0.945E-08 -0.342E-04
    4295.384 -0.106E-01  0.948E-08 -0.358E-04
    4693.732 -0.107E-01  0.864E-08 -0.360E-04
    5109.953 -0.107E-01  0.645E-08 -0.341E-04
    5542.299 -0.107E-01  0.433E-08 -0.313E-04
    5987.681 -0.106E-01  0.370E-08 -0.286E-04
    6442.409 -0.104E-01  0.400E-08 -0.271E-04
    6902.457 -0.102E-01  0.407E-08 -0.263E-04
    7363.319 -0.997E-02  0.386E-08 -0.256E-04
    7822.319 -0.966E-02  0.332E-08 -0.240E-04
    8279.053 -0.931E-02  0.268E-08 -0.197E-04
    8733.348 -0.890E-02  0.244E-08 -0.350E-05
    9184.515 -0.844E-02  0.221E-08  0.432E-05
    9631.945 -0.794E-02  0.174E-08  0.406E-05
   10075.723 -0.741E-02  0.120E-08  0.377E-05
   10515.887 -0.684E-02  0.726E-09  0.276E-05
   10952.499 -0.624E-02  0.456E-09  0.231E-05
   11385.679 -0.562E-02  0.309E-09  0.171E-05
   11815.532 -0.496E-02  0.206E-09  0.463E-07
   12242.229 -0.427E-02  0.131E-09 -0.237E-05
   12665.953 -0.355E-02  0.794E-10 -0.441E-05
   13086.876 -0.279E-02  0.443E-10 -0.535E-05
   13505.124 -0.200E-02  0.229E-10 -0.542E-05
   13920.900 -0.117E-02  0.954E-11 -0.486E-05
   14334.529 -0.306E-03  0.155E-11 -0.221E-05
   14755.556  0.000E+00  0.000E+00 -0.207E-05
   15199.146  0.000E+00  0.000E+00 -0.397E-05
   15673.582  0.000E+00  0.000E+00 -0.513E-05
   16185.181  0.000E+00  0.000E+00 -0.595E-05
   16742.305  0.000E+00  0.000E+00 -0.539E-05
   17355.398  0.000E+00  0.000E+00 -0.521E-05
   18037.812  0.000E+00  0.000E+00 -0.633E-05
   18808.154  0.000E+00  0.000E+00 -0.690E-05
   19693.391  0.000E+00  0.000E+00 -0.630E-05
   20734.303  0.000E+00  0.000E+00 -0.329E-05
   21995.207  0.000E+00  0.000E+00 -0.248E-06
   23588.508  0.000E+00  0.000E+00  0.150E-05
   25747.484  0.000E+00  0.000E+00  0.498E-05
   29093.531  0.000E+00  0.000E+00  0.137E-04
   36554.930  0.000E+00  0.000E+00  0.204E-05
