
nudging time scales and initial profiles
height    t_nudge    u_nudge    v_nudge    w_nudge    thl_nudge    qt_nudge
# 0.0
       0.000  0.360E+04       0.000       0.000       0.000     289.926  0.109E-01
      15.025  0.360E+04       2.088      -7.881       0.000     290.507  0.109E-01
      39.745  0.360E+04       2.267      -8.615       0.000     290.508  0.109E-01
      74.087  0.360E+04       2.354      -9.051       0.000     290.508  0.109E-01
     119.377  0.360E+04       2.398      -9.380       0.000     290.508  0.109E-01
     175.614  0.360E+04       2.409      -9.676       0.000     290.508  0.109E-01
     242.003  0.360E+04       2.378      -9.973       0.000     290.509  0.109E-01
     319.995  0.360E+04       2.280     -10.288       0.000     290.509  0.109E-01
     412.116  0.360E+04       1.982     -10.644       0.000     290.510  0.109E-01
     518.968  0.360E+04       1.439     -10.717       0.000     290.511  0.109E-01
     640.895  0.360E+04       0.984     -10.304       0.000     290.512  0.109E-01
     683.133  0.360E+04       0.918     -10.042       0.000     290.512  0.109E-01
     683.158  0.360E+04       0.918     -10.042       0.000     305.221  0.391E-02
     782.850  0.360E+04       0.772      -9.455       0.000     305.801  0.391E-02
     943.963  0.360E+04       0.852      -8.471       0.000     306.727  0.391E-02
    1122.725  0.360E+04       1.087      -7.462       0.000     307.737  0.391E-02
    1319.270  0.360E+04       1.393      -6.460       0.000     308.827  0.391E-02
    1533.854  0.360E+04       1.706      -5.503       0.000     309.993  0.391E-02
    1766.845  0.360E+04       2.003      -4.602       0.000     311.232  0.393E-02
    2018.490  0.360E+04       2.267      -3.763       0.000     312.537  0.400E-02
    2288.645  0.360E+04       2.489      -2.978       0.000     313.737  0.407E-02
    2577.152  0.360E+04       2.648      -2.203       0.000     314.899  0.403E-02
    2884.122  0.360E+04       2.740      -1.379       0.000     316.130  0.380E-02
    3209.595  0.360E+04       2.750      -0.472       0.000     317.496  0.347E-02
    3553.357  0.360E+04       2.676       0.480       0.000     318.996  0.318E-02
    3915.258  0.360E+04       2.551       1.425       0.000     320.624  0.285E-02
    4295.384  0.360E+04       2.410       2.388       0.000     322.364  0.251E-02
    4693.732  0.360E+04       2.287       3.331       0.000     324.292  0.215E-02
    5109.953  0.360E+04       2.236       4.129       0.000     326.268  0.185E-02
    5542.299  0.360E+04       2.251       4.829       0.000     328.228  0.164E-02
    5987.681  0.360E+04       2.352       5.482       0.000     330.146  0.149E-02
    6442.409  0.360E+04       2.572       6.117       0.000     332.055  0.132E-02
    6902.457  0.360E+04       2.856       6.814       0.000     334.007  0.114E-02
    7363.319  0.360E+04       3.111       7.536       0.000     336.017  0.957E-03
    7822.319  0.360E+04       3.288       8.241       0.000     338.121  0.784E-03
    8279.053  0.360E+04       3.425       8.908       0.000     340.269  0.642E-03
    8733.348  0.360E+04       3.530       9.545       0.000     342.379  0.522E-03
    9184.515  0.360E+04       3.618      10.155       0.000     343.554  0.394E-03
    9631.945  0.360E+04       3.753      10.683       0.000     344.811  0.286E-03
   10075.723  0.360E+04       4.008      11.136       0.000     346.127  0.198E-03
   10515.887  0.360E+04       4.323      11.618       0.000     347.482  0.141E-03
   10952.499  0.360E+04       4.508      12.128       0.000     348.953  0.104E-03
   11385.679  0.360E+04       4.551      12.696       0.000     350.511  0.772E-04
   11815.532  0.360E+04       4.565      13.306       0.000     352.227  0.564E-04
   12242.229  0.360E+04       4.585      13.837       0.000     354.108  0.413E-04
   12665.953  0.360E+04       4.586      14.144       0.000     356.198  0.301E-04
   13086.876  0.360E+04       4.568      14.128       0.000     358.429  0.223E-04
   13505.124  0.360E+04       4.547      13.755       0.000     360.827  0.167E-04
   13920.900  0.360E+04       4.477      13.113       0.000     363.478  0.126E-04
   14334.529  0.360E+04       4.274      12.286       0.000     366.539  0.992E-05
   14755.556  0.360E+04       3.841      11.335       0.000     370.222  0.837E-05
   15199.146  0.360E+04       3.190      10.264       0.000     374.914  0.723E-05
   15673.582  0.360E+04       2.305       9.011       0.000     381.076  0.638E-05
   16185.181  0.360E+04       1.031       7.666       0.000     388.964  0.558E-05
   16742.305  0.360E+04      -0.522       6.375       0.000     399.150  0.487E-05
   17355.398  0.360E+04      -2.178       5.171       0.000     411.111  0.392E-05
   18037.812  0.360E+04      -3.875       3.942       0.000     425.368  0.310E-05
   18808.154  0.360E+04      -5.551       2.831       0.000     442.628  0.257E-05
   19693.391  0.360E+04      -7.256       1.915       0.000     463.988  0.226E-05
   20734.303  0.360E+04      -8.886       1.111       0.000     490.634  0.207E-05
   21995.207  0.360E+04     -10.572       0.552       0.000     524.068  0.195E-05
   23588.508  0.360E+04     -12.154       0.183       0.000     568.349  0.189E-05
   25747.484  0.360E+04     -14.431      -0.136       0.000     634.906  0.189E-05
   29093.531  0.360E+04     -16.261      -0.180       0.000     754.353  0.196E-05
   36554.930  0.360E+04     -26.826       0.171       0.000    1080.532  0.215E-05

nudging time scales and initial profiles
height    t_nudge    u_nudge    v_nudge    w_nudge    thl_nudge    qt_nudge
# 864000.0
       0.000  0.360E+04       0.000       0.000       0.000     289.926  0.109E-01
      15.025  0.360E+04       2.088      -7.881       0.000     290.507  0.109E-01
      39.745  0.360E+04       2.267      -8.615       0.000     290.508  0.109E-01
      74.087  0.360E+04       2.354      -9.051       0.000     290.508  0.109E-01
     119.377  0.360E+04       2.398      -9.380       0.000     290.508  0.109E-01
     175.614  0.360E+04       2.409      -9.676       0.000     290.508  0.109E-01
     242.003  0.360E+04       2.378      -9.973       0.000     290.509  0.109E-01
     319.995  0.360E+04       2.280     -10.288       0.000     290.509  0.109E-01
     412.116  0.360E+04       1.982     -10.644       0.000     290.510  0.109E-01
     518.968  0.360E+04       1.439     -10.717       0.000     290.511  0.109E-01
     640.895  0.360E+04       0.984     -10.304       0.000     290.512  0.109E-01
     683.133  0.360E+04       0.918     -10.042       0.000     290.512  0.109E-01
     683.158  0.360E+04       0.918     -10.042       0.000     305.221  0.391E-02
     782.850  0.360E+04       0.772      -9.455       0.000     305.801  0.391E-02
     943.963  0.360E+04       0.852      -8.471       0.000     306.727  0.391E-02
    1122.725  0.360E+04       1.087      -7.462       0.000     307.737  0.391E-02
    1319.270  0.360E+04       1.393      -6.460       0.000     308.827  0.391E-02
    1533.854  0.360E+04       1.706      -5.503       0.000     309.993  0.391E-02
    1766.845  0.360E+04       2.003      -4.602       0.000     311.232  0.393E-02
    2018.490  0.360E+04       2.267      -3.763       0.000     312.537  0.400E-02
    2288.645  0.360E+04       2.489      -2.978       0.000     313.737  0.407E-02
    2577.152  0.360E+04       2.648      -2.203       0.000     314.899  0.403E-02
    2884.122  0.360E+04       2.740      -1.379       0.000     316.130  0.380E-02
    3209.595  0.360E+04       2.750      -0.472       0.000     317.496  0.347E-02
    3553.357  0.360E+04       2.676       0.480       0.000     318.996  0.318E-02
    3915.258  0.360E+04       2.551       1.425       0.000     320.624  0.285E-02
    4295.384  0.360E+04       2.410       2.388       0.000     322.364  0.251E-02
    4693.732  0.360E+04       2.287       3.331       0.000     324.292  0.215E-02
    5109.953  0.360E+04       2.236       4.129       0.000     326.268  0.185E-02
    5542.299  0.360E+04       2.251       4.829       0.000     328.228  0.164E-02
    5987.681  0.360E+04       2.352       5.482       0.000     330.146  0.149E-02
    6442.409  0.360E+04       2.572       6.117       0.000     332.055  0.132E-02
    6902.457  0.360E+04       2.856       6.814       0.000     334.007  0.114E-02
    7363.319  0.360E+04       3.111       7.536       0.000     336.017  0.957E-03
    7822.319  0.360E+04       3.288       8.241       0.000     338.121  0.784E-03
    8279.053  0.360E+04       3.425       8.908       0.000     340.269  0.642E-03
    8733.348  0.360E+04       3.530       9.545       0.000     342.379  0.522E-03
    9184.515  0.360E+04       3.618      10.155       0.000     343.554  0.394E-03
    9631.945  0.360E+04       3.753      10.683       0.000     344.811  0.286E-03
   10075.723  0.360E+04       4.008      11.136       0.000     346.127  0.198E-03
   10515.887  0.360E+04       4.323      11.618       0.000     347.482  0.141E-03
   10952.499  0.360E+04       4.508      12.128       0.000     348.953  0.104E-03
   11385.679  0.360E+04       4.551      12.696       0.000     350.511  0.772E-04
   11815.532  0.360E+04       4.565      13.306       0.000     352.227  0.564E-04
   12242.229  0.360E+04       4.585      13.837       0.000     354.108  0.413E-04
   12665.953  0.360E+04       4.586      14.144       0.000     356.198  0.301E-04
   13086.876  0.360E+04       4.568      14.128       0.000     358.429  0.223E-04
   13505.124  0.360E+04       4.547      13.755       0.000     360.827  0.167E-04
   13920.900  0.360E+04       4.477      13.113       0.000     363.478  0.126E-04
   14334.529  0.360E+04       4.274      12.286       0.000     366.539  0.992E-05
   14755.556  0.360E+04       3.841      11.335       0.000     370.222  0.837E-05
   15199.146  0.360E+04       3.190      10.264       0.000     374.914  0.723E-05
   15673.582  0.360E+04       2.305       9.011       0.000     381.076  0.638E-05
   16185.181  0.360E+04       1.031       7.666       0.000     388.964  0.558E-05
   16742.305  0.360E+04      -0.522       6.375       0.000     399.150  0.487E-05
   17355.398  0.360E+04      -2.178       5.171       0.000     411.111  0.392E-05
   18037.812  0.360E+04      -3.875       3.942       0.000     425.368  0.310E-05
   18808.154  0.360E+04      -5.551       2.831       0.000     442.628  0.257E-05
   19693.391  0.360E+04      -7.256       1.915       0.000     463.988  0.226E-05
   20734.303  0.360E+04      -8.886       1.111       0.000     490.634  0.207E-05
   21995.207  0.360E+04     -10.572       0.552       0.000     524.068  0.195E-05
   23588.508  0.360E+04     -12.154       0.183       0.000     568.349  0.189E-05
   25747.484  0.360E+04     -14.431      -0.136       0.000     634.906  0.189E-05
   29093.531  0.360E+04     -16.261      -0.180       0.000     754.353  0.196E-05
   36554.930  0.360E+04     -26.826       0.171       0.000    1080.532  0.215E-05
