    1018.646     289.926      10.910       0.000       0.000
      15.025     290.507      10.910       2.088      -7.881
      39.745     290.508      10.910       2.267      -8.615
      74.087     290.508      10.910       2.354      -9.051
     119.377     290.508      10.910       2.398      -9.380
     175.614     290.508      10.910       2.409      -9.676
     242.003     290.509      10.910       2.378      -9.973
     319.995     290.509      10.910       2.280     -10.288
     412.116     290.510      10.910       1.982     -10.644
     518.968     290.511      10.910       1.439     -10.717
     640.895     290.512      10.910       0.984     -10.304
     683.133     290.512      10.910       0.918     -10.042
     683.158     305.221       3.909       0.918     -10.042
     782.850     305.801       3.909       0.772      -9.455
     943.963     306.727       3.909       0.852      -8.471
    1122.725     307.737       3.909       1.087      -7.462
    1319.270     308.827       3.909       1.393      -6.460
    1533.854     309.993       3.909       1.706      -5.503
    1766.845     311.232       3.935       2.003      -4.602
    2018.490     312.537       4.005       2.267      -3.763
    2288.645     313.737       4.072       2.489      -2.978
    2577.152     314.899       4.032       2.648      -2.203
    2884.122     316.130       3.805       2.740      -1.379
    3209.595     317.496       3.473       2.750      -0.472
    3553.357     318.996       3.180       2.676       0.480
    3915.258     320.624       2.848       2.551       1.425
    4295.384     322.364       2.507       2.410       2.388
    4693.732     324.292       2.149       2.287       3.331
    5109.953     326.268       1.847       2.236       4.129
    5542.299     328.228       1.637       2.251       4.829
    5987.681     330.146       1.490       2.352       5.482
    6442.409     332.055       1.323       2.572       6.117
    6902.457     334.007       1.140       2.856       6.814
    7363.319     336.017       0.957       3.111       7.536
    7822.319     338.121       0.784       3.288       8.241
    8279.053     340.269       0.642       3.425       8.908
    8733.348     342.379       0.522       3.530       9.545
    9184.515     343.554       0.394       3.618      10.155
    9631.945     344.811       0.286       3.753      10.683
   10075.723     346.127       0.198       4.008      11.136
   10515.887     347.482       0.141       4.323      11.618
   10952.499     348.953       0.104       4.508      12.128
   11385.679     350.511       0.077       4.551      12.696
   11815.532     352.227       0.056       4.565      13.306
   12242.229     354.108       0.041       4.585      13.837
   12665.953     356.198       0.030       4.586      14.144
   13086.876     358.429       0.022       4.568      14.128
   13505.124     360.827       0.017       4.547      13.755
   13920.900     363.478       0.013       4.477      13.113
   14334.529     366.539       0.010       4.274      12.286
   14755.556     370.222       0.008       3.841      11.335
   15199.146     374.914       0.007       3.190      10.264
   15673.582     381.076       0.006       2.305       9.011
   16185.181     388.964       0.006       1.031       7.666
   16742.305     399.150       0.005      -0.522       6.375
   17355.398     411.111       0.004      -2.178       5.171
   18037.812     425.368       0.003      -3.875       3.942
   18808.154     442.628       0.003      -5.551       2.831
   19693.391     463.988       0.002      -7.256       1.915
   20734.303     490.634       0.002      -8.886       1.111
   21995.207     524.068       0.002     -10.572       0.552
   23588.508     568.349       0.002     -12.154       0.183
   25747.484     634.906       0.002     -14.431      -0.136
   29093.531     754.353       0.002     -16.261      -0.180
   36554.930    1080.532       0.002     -26.826       0.171
