     0.000     5.000   290.355    -2.000   -10.000
     1.000     5.000   290.428    -2.000   -10.000
     2.000     5.000   290.544    -2.000   -10.000
     3.000     5.000   290.660    -2.000   -10.000
     4.000     5.000   290.793    -2.000   -10.000
     5.000     5.000   290.988    -2.000   -10.000
     6.000     5.000   291.252    -2.000   -10.000
     7.000     5.000   291.555    -2.000   -10.000
     8.000     5.000   291.862    -2.000   -10.000
     9.000     5.000   292.225    -2.000   -10.000
    10.000     4.700   292.508    -2.000   -10.000
    11.000     4.000   292.700    -2.000   -10.000
    12.000     3.300   292.885    -2.000   -10.000
    13.000     2.600   293.044    -2.000   -10.000
    14.000     1.900   293.186    -2.000   -10.000
    15.000     1.100   293.325    -2.000   -10.000
    16.000     0.400   293.473    -2.000   -10.000
    17.000    -0.300   293.625    -2.000   -10.000
    18.000    -1.000   293.776    -2.000   -10.000
    19.000    -1.000   293.913    -2.000   -10.000
    20.000    -1.000   294.026    -0.750    -9.647
    21.000    -1.000   294.115    -0.750    -9.294
    22.000    -1.000   294.184    -0.750    -8.941
    23.000    -1.000   294.233    -0.750    -8.588
    24.000    -1.000   294.269    -0.750    -8.235
    25.000    -1.000   294.292    -0.750    -7.882
    26.000    -1.000   294.307    -0.750    -7.529
    27.000    -1.000   294.316    -0.750    -7.176
    28.000    -1.000   294.322    -0.750    -6.824
    29.000    -1.000   294.327    -0.750    -6.471
    30.000    -1.000   294.335    -0.750    -6.118
    31.000    -1.000   294.348    -0.750    -5.765
    32.000    -1.000   294.370    -0.750    -5.412
    33.000    -1.000   294.403    -0.750    -5.059
    34.000    -1.000   294.450    -0.750    -4.706
    35.000    -1.000   294.480    -0.750    -4.353
    36.000    -1.000   294.510    -2.000    -4.000
    37.000    -1.000   294.540    -2.000    -4.000
    38.000    -1.000   294.570    -2.000    -4.000
    39.000    -1.000   294.600    -2.000    -4.000
    40.000    -1.000   294.630    -2.000    -4.000
