 
nudging time scales and initial profiles
height    t_nudge    u_nudge    v_nudge    w_nudge    thl_nudge    qt_nudge
#      0.00000
    7.500 1.00000e+10    2.068756   -7.792526    0.000000  288.121307    0.010360
   22.500 1.00000e+10    2.177258   -8.236394    0.000000  288.301941    0.009351
   37.500 1.00000e+10    2.289263   -8.695784    0.000000  288.302094    0.009351
   52.500 1.00000e+10    2.336472   -8.920894    0.000000  288.302185    0.009351
   67.500 1.00000e+10    2.375617   -9.116845    0.000000  288.302338    0.009351
   82.500 1.00000e+10    2.399492   -9.259815    0.000000  288.302429    0.009351
   96.800 1.00000e+10    2.413819   -9.366853    0.000000  288.302551    0.009351
  110.000 1.00000e+10    2.427044   -9.465656    0.000000  288.302765    0.009351
  121.900 1.00000e+10    2.435498   -9.545900    0.000000  288.302948    0.009351
  132.900 1.00000e+10    2.437607   -9.605558    0.000000  288.302856    0.009351
  142.800 1.00000e+10    2.439506   -9.659251    0.000000  288.302917    0.009351
  151.900 1.00000e+10    2.441252   -9.708605    0.000000  288.303009    0.009351
  160.300 1.00000e+10    2.442863   -9.754162    0.000000  288.303192    0.009351
  167.900 1.00000e+10    2.444321   -9.795380    0.000000  288.303375    0.009351
  174.800 1.00000e+10    2.444466   -9.831354    0.000000  288.303497    0.009351
  181.200 1.00000e+10    2.441439   -9.860835    0.000000  288.303406    0.009351
  186.900 1.00000e+10    2.438743   -9.887092    0.000000  288.303375    0.009351
  192.200 1.00000e+10    2.436236   -9.911505    0.000000  288.303375    0.009351
  197.300 1.00000e+10    2.433823   -9.934998    0.000000  288.303375    0.009351
  202.300 1.00000e+10    2.431458   -9.958030    0.000000  288.303406    0.009351
  207.300 1.00000e+10    2.429093   -9.981061    0.000000  288.303436    0.009351
  212.300 1.00000e+10    2.426728  -10.004093    0.000000  288.303528    0.009351
  217.300 1.00000e+10    2.424363  -10.027124    0.000000  288.303589    0.009351
  222.300 1.00000e+10    2.421998  -10.050157    0.000000  288.303711    0.009351
  227.300 1.00000e+10    2.419633  -10.073189    0.000000  288.303833    0.009351
  232.300 1.00000e+10    2.417268  -10.096220    0.000000  288.303986    0.009351
  237.300 1.00000e+10    2.414903  -10.119252    0.000000  288.304169    0.009351
  242.300 1.00000e+10    2.409367  -10.140596    0.000000  288.304138    0.009351
  247.300 1.00000e+10    2.402895  -10.161443    0.000000  288.304047    0.009351
  252.300 1.00000e+10    2.396423  -10.182289    0.000000  288.303986    0.009351
  257.300 1.00000e+10    2.389951  -10.203135    0.000000  288.303955    0.009351
  262.300 1.00000e+10    2.383479  -10.223981    0.000000  288.303955    0.009351
  267.300 1.00000e+10    2.377007  -10.244827    0.000000  288.303925    0.009351
  272.300 1.00000e+10    2.370534  -10.265674    0.000000  288.303925    0.009351
  277.300 1.00000e+10    2.364062  -10.286519    0.000000  288.303986    0.009351
  282.300 1.00000e+10    2.357590  -10.307365    0.000000  288.304047    0.009351
  287.300 1.00000e+10    2.351118  -10.328212    0.000000  288.304138    0.009351
  292.300 1.00000e+10    2.344646  -10.349058    0.000000  288.304230    0.009351
  297.300 1.00000e+10    2.338174  -10.369904    0.000000  288.304382    0.009351
  302.300 1.00000e+10    2.331702  -10.390750    0.000000  288.304504    0.009351
  307.300 1.00000e+10    2.325230  -10.411596    0.000000  288.304688    0.009351
  312.300 1.00000e+10    2.318758  -10.432443    0.000000  288.304871    0.009351
  317.300 1.00000e+10    2.308182  -10.452904    0.000000  288.304932    0.009351
  322.300 1.00000e+10    2.291518  -10.472795    0.000000  288.304810    0.009351
  327.300 1.00000e+10    2.274854  -10.492686    0.000000  288.304749    0.009351
  332.300 1.00000e+10    2.258190  -10.512578    0.000000  288.304657    0.009351
  337.300 1.00000e+10    2.241526  -10.532470    0.000000  288.304596    0.009351
  342.300 1.00000e+10    2.224862  -10.552361    0.000000  288.304565    0.009351
  347.300 1.00000e+10    2.208199  -10.572252    0.000000  288.304535    0.009351
  352.300 1.00000e+10    2.191535  -10.592143    0.000000  288.304565    0.009351
  357.300 1.00000e+10    2.174871  -10.612035    0.000000  288.304565    0.009351
  362.300 1.00000e+10    2.158207  -10.631927    0.000000  288.304626    0.009351
  367.300 1.00000e+10    2.141543  -10.651817    0.000000  288.304688    0.009351
  372.300 1.00000e+10    2.124879  -10.671709    0.000000  288.304779    0.009351
  377.300 1.00000e+10    2.108215  -10.691601    0.000000  288.304871    0.009351
  382.300 1.00000e+10    2.091551  -10.711492    0.000000  288.305023    0.009351
  387.300 1.00000e+10    2.074888  -10.731383    0.000000  288.305145    0.009351
  392.300 1.00000e+10    2.058224  -10.751274    0.000000  288.305359    0.009351
  397.300 1.00000e+10    2.041560  -10.771166    0.000000  288.305511    0.009351
  402.300 1.00000e+10    2.024896  -10.791058    0.000000  288.305756    0.009351
  407.300 1.00000e+10    2.005853  -10.806860    0.000000  288.305878    0.009351
  412.300 1.00000e+10    1.979662  -10.810376    0.000000  288.305756    0.009351
  417.300 1.00000e+10    1.953471  -10.813892    0.000000  288.305603    0.009351
  422.300 1.00000e+10    1.927280  -10.817409    0.000000  288.305511    0.009351
  427.300 1.00000e+10    1.901089  -10.820925    0.000000  288.305389    0.009351
  432.300 1.00000e+10    1.874898  -10.824441    0.000000  288.305359    0.009351
  437.300 1.00000e+10    1.848707  -10.827957    0.000000  288.305267    0.009351
  442.300 1.00000e+10    1.822516  -10.831473    0.000000  288.305267    0.009351
  447.300 1.00000e+10    1.796324  -10.834990    0.000000  288.305237    0.009351
  452.300 1.00000e+10    1.770133  -10.838505    0.000000  288.305267    0.009351
  457.300 1.00000e+10    1.743942  -10.842021    0.000000  288.305298    0.009351
  462.300 1.00000e+10    1.717751  -10.845537    0.000000  288.305359    0.009351
  467.300 1.00000e+10    1.691560  -10.849053    0.000000  288.305450    0.009351
  472.300 1.00000e+10    1.665369  -10.852570    0.000000  288.305542    0.009351
  477.300 1.00000e+10    1.639178  -10.856086    0.000000  288.305634    0.009351
  482.300 1.00000e+10    1.612987  -10.859602    0.000000  288.305786    0.009351
  487.300 1.00000e+10    1.586796  -10.863118    0.000000  288.305969    0.009351
  492.300 1.00000e+10    1.560605  -10.866634    0.000000  288.306152    0.009351
  497.300 1.00000e+10    1.534413  -10.870150    0.000000  288.306335    0.009351
  502.300 1.00000e+10    1.508222  -10.873666    0.000000  288.306580    0.009351
  507.300 1.00000e+10    1.482031  -10.877182    0.000000  288.306824    0.009351
  512.300 1.00000e+10    1.457191  -10.876630    0.000000  288.307007    0.009351
  517.300 1.00000e+10    1.437952  -10.859199    0.000000  288.306824    0.009351
  522.300 1.00000e+10    1.418714  -10.841767    0.000000  288.306641    0.009351
  527.300 1.00000e+10    1.399476  -10.824336    0.000000  288.306488    0.009351
  532.300 1.00000e+10    1.380238  -10.806905    0.000000  288.306396    0.009351
  537.300 1.00000e+10    1.361000  -10.789474    0.000000  288.306274    0.009351
  542.300 1.00000e+10    1.341762  -10.772042    0.000000  288.306213    0.009351
  547.300 1.00000e+10    1.322524  -10.754611    0.000000  288.306122    0.009351
  552.300 1.00000e+10    1.303286  -10.737180    0.000000  288.306091    0.009351
  557.300 1.00000e+10    1.284048  -10.719748    0.000000  288.306061    0.009351
  562.300 1.00000e+10    1.264810  -10.702318    0.000000  288.306091    0.009351
  567.300 1.00000e+10    1.245572  -10.684887    0.000000  288.306091    0.009351
  572.300 1.00000e+10    1.226334  -10.667456    0.000000  288.306152    0.009351
  577.300 1.00000e+10    1.207096  -10.650024    0.000000  288.306213    0.009351
  582.300 1.00000e+10    1.187858  -10.632593    0.000000  288.306305    0.009351
  587.300 1.00000e+10    1.168620  -10.615162    0.000000  288.306396    0.009351
  592.300 1.00000e+10    1.149382  -10.597731    0.000000  288.306549    0.009351
  597.300 1.00000e+10    1.130143  -10.580299    0.000000  288.306671    0.009351
  602.300 1.00000e+10    1.110905  -10.562868    0.000000  288.306885    0.009351
  607.300 1.00000e+10    1.091667  -10.545437    0.000000  288.307068    0.009351
  612.300 1.00000e+10    1.072429  -10.528006    0.000000  288.307281    0.009351
  617.300 1.00000e+10    1.053191  -10.510574    0.000000  288.307526    0.009351
  622.300 1.00000e+10    1.033953  -10.493143    0.000000  288.307770    0.009351
  627.300 1.00000e+10    1.014715  -10.475712    0.000000  288.308075    0.009351
  632.300 1.00000e+10    0.997371  -10.455842    0.000000  288.308319    0.009351
  637.300 1.00000e+10    0.989415  -10.423884    0.000000  288.308258    0.009351
  642.300 1.00000e+10    0.981458  -10.391927    0.000000  288.308258    0.009351
  647.300 1.00000e+10    0.973501  -10.359969    0.000000  288.308258    0.009351
  652.300 1.00000e+10    0.965545  -10.328012    0.000000  288.308319    0.009351
  657.300 1.00000e+10    0.957588  -10.296053    0.000000  288.308350    0.009351
  662.300 1.00000e+10    0.949631  -10.264095    0.000000  288.308441    0.009351
  667.300 1.00000e+10    0.941675  -10.232138    0.000000  288.308533    0.009351
  672.300 1.00000e+10    0.933718  -10.200180    0.000000  288.308624    0.009351
  677.300 1.00000e+10    0.925762  -10.168222    0.000000  288.308777    0.009351
  682.300 1.00000e+10    0.918182  -10.137780    0.000000  302.469452    0.003477
  687.300 1.00000e+10    0.910648  -10.107519    0.000000  302.496552    0.003477
  692.300 1.00000e+10    0.903114  -10.077258    0.000000  302.523651    0.003477
  697.300 1.00000e+10    0.895579  -10.046997    0.000000  302.550781    0.003477
  702.300 1.00000e+10    0.888045  -10.016735    0.000000  302.577972    0.003477
  707.300 1.00000e+10    0.880511   -9.986474    0.000000  302.605164    0.003477
  712.300 1.00000e+10    0.872977   -9.956213    0.000000  302.632385    0.003477
  717.300 1.00000e+10    0.865442   -9.925952    0.000000  302.659637    0.003477
  722.300 1.00000e+10    0.857908   -9.895691    0.000000  302.686920    0.003477
  727.300 1.00000e+10    0.850374   -9.865430    0.000000  302.714264    0.003477
  732.300 1.00000e+10    0.842840   -9.835168    0.000000  302.741608    0.003477
  737.300 1.00000e+10    0.835305   -9.804907    0.000000  302.768982    0.003477
  742.300 1.00000e+10    0.827771   -9.774646    0.000000  302.796387    0.003477
  747.300 1.00000e+10    0.820237   -9.744385    0.000000  302.823822    0.003477
  752.300 1.00000e+10    0.812703   -9.714124    0.000000  302.851318    0.003477
  757.300 1.00000e+10    0.805168   -9.683862    0.000000  302.878784    0.003477
  762.300 1.00000e+10    0.797634   -9.653601    0.000000  302.906311    0.003477
  767.300 1.00000e+10    0.790100   -9.623340    0.000000  302.933868    0.003477
  772.300 1.00000e+10    0.784500   -9.592861    0.000000  302.961243    0.003477
  777.300 1.00000e+10    0.787049   -9.561469    0.000000  302.987762    0.003477
  782.300 1.00000e+10    0.789598   -9.530077    0.000000  303.014343    0.003477
  787.300 1.00000e+10    0.792146   -9.498685    0.000000  303.040924    0.003477
  792.300 1.00000e+10    0.794695   -9.467293    0.000000  303.067505    0.003477
  797.300 1.00000e+10    0.797244   -9.435901    0.000000  303.094177    0.003477
  802.300 1.00000e+10    0.799793   -9.404509    0.000000  303.120850    0.003477
  807.300 1.00000e+10    0.802341   -9.373116    0.000000  303.147552    0.003477
  812.300 1.00000e+10    0.804890   -9.341724    0.000000  303.174286    0.003477
  817.300 1.00000e+10    0.807439   -9.310332    0.000000  303.201050    0.003477
  822.300 1.00000e+10    0.809988   -9.278940    0.000000  303.227814    0.003477
  827.300 1.00000e+10    0.812536   -9.247548    0.000000  303.254639    0.003477
  832.300 1.00000e+10    0.815085   -9.216156    0.000000  303.281494    0.003477
  837.300 1.00000e+10    0.817634   -9.184764    0.000000  303.308411    0.003477
  842.300 1.00000e+10    0.820183   -9.153372    0.000000  303.335297    0.003477
  847.300 1.00000e+10    0.822732   -9.121980    0.000000  303.362244    0.003477
  852.300 1.00000e+10    0.825280   -9.090588    0.000000  303.389191    0.003477
  857.300 1.00000e+10    0.827829   -9.059196    0.000000  303.416168    0.003477
  862.300 1.00000e+10    0.830378   -9.027803    0.000000  303.443207    0.003477
  867.300 1.00000e+10    0.832927   -8.996412    0.000000  303.470245    0.003477
  872.300 1.00000e+10    0.835475   -8.965019    0.000000  303.497345    0.003477
  877.300 1.00000e+10    0.838024   -8.933628    0.000000  303.524475    0.003477
  882.300 1.00000e+10    0.840573   -8.902236    0.000000  303.551605    0.003477
  887.300 1.00000e+10    0.843122   -8.870844    0.000000  303.578796    0.003477
  892.300 1.00000e+10    0.845670   -8.839452    0.000000  303.605988    0.003477
  897.300 1.00000e+10    0.848219   -8.808060    0.000000  303.633209    0.003477
  902.300 9.88500e+09    0.850768   -8.776668    0.000000  303.660492    0.003477
  907.300 9.63500e+09    0.853317   -8.745275    0.000000  303.687775    0.003477
  912.300 9.38500e+09    0.855865   -8.713883    0.000000  303.715088    0.003477
  917.300 9.13500e+09    0.858414   -8.682491    0.000000  303.742462    0.003477
  922.300 8.88500e+09    0.860963   -8.651099    0.000000  303.769836    0.003477
  927.500 8.62500e+09    0.863614   -8.618451    0.000000  303.798309    0.003477
  933.300 8.33500e+09    0.868964   -8.583386    0.000000  303.829376    0.003477
  939.700 8.01500e+09    0.877618   -8.546244    0.000000  303.862701    0.003477
  946.600 7.67000e+09    0.886949   -8.506201    0.000000  303.898682    0.003477
  954.200 7.29000e+09    0.897226   -8.462094    0.000000  303.938416    0.003477
  962.500 6.87500e+09    0.908449   -8.413926    0.000000  303.981873    0.003477
  971.600 6.42000e+09    0.920754   -8.361115    0.000000  304.029572    0.003477
  981.600 5.92000e+09    0.934277   -8.303082    0.000000  304.082123    0.003477
  992.500 5.37500e+09    0.949016   -8.239824    0.000000  304.139587    0.003477
 1004.500 4.77500e+09    0.965243   -8.170183    0.000000  304.202942    0.003477
 1017.600 4.12000e+09    0.982957   -8.094159    0.000000  304.272308    0.003477
 1032.000 3.40000e+09    1.002429   -8.010590    0.000000  304.348816    0.003477
 1047.700 2.61501e+09    1.023659   -7.919477    0.000000  304.432495    0.003477
 1064.900 1.75500e+09    1.046917   -7.819658    0.000000  304.524506    0.003477
 1083.700 8.15006e+08    1.072339   -7.710554    0.000000  304.625488    0.003477
 1104.400 3.60000e+03    1.100330   -7.590423    0.000000  304.737183    0.003477
 1126.900 3.60000e+03    1.135729   -7.471006    0.000000  304.852844    0.003477
 1151.700 3.60000e+03    1.175454   -7.340969    0.000000  304.980103    0.003477
 1178.800 3.60000e+03    1.218863   -7.198870    0.000000  305.120026    0.003477
 1208.400 3.60000e+03    1.266277   -7.043664    0.000000  305.273773    0.003477
 1240.900 3.60000e+03    1.318335   -6.873251    0.000000  305.443848    0.003477
 1276.500 3.60000e+03    1.375360   -6.686584    0.000000  305.631561    0.003477
 1315.400 3.60000e+03    1.436196   -6.492070    0.000000  305.833496    0.003477
 1358.000 3.60000e+03    1.500070   -6.296685    0.000000  306.047394    0.003477
 1404.700 3.60000e+03    1.570091   -6.082496    0.000000  306.284363    0.003477
 1455.800 3.60000e+03    1.646710   -5.848125    0.000000  306.546570    0.003477
 1511.800 3.60000e+03    1.730676   -5.591281    0.000000  306.837555    0.003477
 1573.100 3.60000e+03    1.811182   -5.346787    0.000000  307.137848    0.003477
 
nudging time scales and initial profiles
height    t_nudge    u_nudge    v_nudge    w_nudge    thl_nudge    qt_nudge
#      864000.
    7.500 1.00000e+10    2.068756   -7.792526    0.000000  288.121307    0.010360
   22.500 1.00000e+10    2.177258   -8.236394    0.000000  288.301941    0.009351
   37.500 1.00000e+10    2.289263   -8.695784    0.000000  288.302094    0.009351
   52.500 1.00000e+10    2.336472   -8.920894    0.000000  288.302185    0.009351
   67.500 1.00000e+10    2.375617   -9.116845    0.000000  288.302338    0.009351
   82.500 1.00000e+10    2.399492   -9.259815    0.000000  288.302429    0.009351
   96.800 1.00000e+10    2.413819   -9.366853    0.000000  288.302551    0.009351
  110.000 1.00000e+10    2.427044   -9.465656    0.000000  288.302765    0.009351
  121.900 1.00000e+10    2.435498   -9.545900    0.000000  288.302948    0.009351
  132.900 1.00000e+10    2.437607   -9.605558    0.000000  288.302856    0.009351
  142.800 1.00000e+10    2.439506   -9.659251    0.000000  288.302917    0.009351
  151.900 1.00000e+10    2.441252   -9.708605    0.000000  288.303009    0.009351
  160.300 1.00000e+10    2.442863   -9.754162    0.000000  288.303192    0.009351
  167.900 1.00000e+10    2.444321   -9.795380    0.000000  288.303375    0.009351
  174.800 1.00000e+10    2.444466   -9.831354    0.000000  288.303497    0.009351
  181.200 1.00000e+10    2.441439   -9.860835    0.000000  288.303406    0.009351
  186.900 1.00000e+10    2.438743   -9.887092    0.000000  288.303375    0.009351
  192.200 1.00000e+10    2.436236   -9.911505    0.000000  288.303375    0.009351
  197.300 1.00000e+10    2.433823   -9.934998    0.000000  288.303375    0.009351
  202.300 1.00000e+10    2.431458   -9.958030    0.000000  288.303406    0.009351
  207.300 1.00000e+10    2.429093   -9.981061    0.000000  288.303436    0.009351
  212.300 1.00000e+10    2.426728  -10.004093    0.000000  288.303528    0.009351
  217.300 1.00000e+10    2.424363  -10.027124    0.000000  288.303589    0.009351
  222.300 1.00000e+10    2.421998  -10.050157    0.000000  288.303711    0.009351
  227.300 1.00000e+10    2.419633  -10.073189    0.000000  288.303833    0.009351
  232.300 1.00000e+10    2.417268  -10.096220    0.000000  288.303986    0.009351
  237.300 1.00000e+10    2.414903  -10.119252    0.000000  288.304169    0.009351
  242.300 1.00000e+10    2.409367  -10.140596    0.000000  288.304138    0.009351
  247.300 1.00000e+10    2.402895  -10.161443    0.000000  288.304047    0.009351
  252.300 1.00000e+10    2.396423  -10.182289    0.000000  288.303986    0.009351
  257.300 1.00000e+10    2.389951  -10.203135    0.000000  288.303955    0.009351
  262.300 1.00000e+10    2.383479  -10.223981    0.000000  288.303955    0.009351
  267.300 1.00000e+10    2.377007  -10.244827    0.000000  288.303925    0.009351
  272.300 1.00000e+10    2.370534  -10.265674    0.000000  288.303925    0.009351
  277.300 1.00000e+10    2.364062  -10.286519    0.000000  288.303986    0.009351
  282.300 1.00000e+10    2.357590  -10.307365    0.000000  288.304047    0.009351
  287.300 1.00000e+10    2.351118  -10.328212    0.000000  288.304138    0.009351
  292.300 1.00000e+10    2.344646  -10.349058    0.000000  288.304230    0.009351
  297.300 1.00000e+10    2.338174  -10.369904    0.000000  288.304382    0.009351
  302.300 1.00000e+10    2.331702  -10.390750    0.000000  288.304504    0.009351
  307.300 1.00000e+10    2.325230  -10.411596    0.000000  288.304688    0.009351
  312.300 1.00000e+10    2.318758  -10.432443    0.000000  288.304871    0.009351
  317.300 1.00000e+10    2.308182  -10.452904    0.000000  288.304932    0.009351
  322.300 1.00000e+10    2.291518  -10.472795    0.000000  288.304810    0.009351
  327.300 1.00000e+10    2.274854  -10.492686    0.000000  288.304749    0.009351
  332.300 1.00000e+10    2.258190  -10.512578    0.000000  288.304657    0.009351
  337.300 1.00000e+10    2.241526  -10.532470    0.000000  288.304596    0.009351
  342.300 1.00000e+10    2.224862  -10.552361    0.000000  288.304565    0.009351
  347.300 1.00000e+10    2.208199  -10.572252    0.000000  288.304535    0.009351
  352.300 1.00000e+10    2.191535  -10.592143    0.000000  288.304565    0.009351
  357.300 1.00000e+10    2.174871  -10.612035    0.000000  288.304565    0.009351
  362.300 1.00000e+10    2.158207  -10.631927    0.000000  288.304626    0.009351
  367.300 1.00000e+10    2.141543  -10.651817    0.000000  288.304688    0.009351
  372.300 1.00000e+10    2.124879  -10.671709    0.000000  288.304779    0.009351
  377.300 1.00000e+10    2.108215  -10.691601    0.000000  288.304871    0.009351
  382.300 1.00000e+10    2.091551  -10.711492    0.000000  288.305023    0.009351
  387.300 1.00000e+10    2.074888  -10.731383    0.000000  288.305145    0.009351
  392.300 1.00000e+10    2.058224  -10.751274    0.000000  288.305359    0.009351
  397.300 1.00000e+10    2.041560  -10.771166    0.000000  288.305511    0.009351
  402.300 1.00000e+10    2.024896  -10.791058    0.000000  288.305756    0.009351
  407.300 1.00000e+10    2.005853  -10.806860    0.000000  288.305878    0.009351
  412.300 1.00000e+10    1.979662  -10.810376    0.000000  288.305756    0.009351
  417.300 1.00000e+10    1.953471  -10.813892    0.000000  288.305603    0.009351
  422.300 1.00000e+10    1.927280  -10.817409    0.000000  288.305511    0.009351
  427.300 1.00000e+10    1.901089  -10.820925    0.000000  288.305389    0.009351
  432.300 1.00000e+10    1.874898  -10.824441    0.000000  288.305359    0.009351
  437.300 1.00000e+10    1.848707  -10.827957    0.000000  288.305267    0.009351
  442.300 1.00000e+10    1.822516  -10.831473    0.000000  288.305267    0.009351
  447.300 1.00000e+10    1.796324  -10.834990    0.000000  288.305237    0.009351
  452.300 1.00000e+10    1.770133  -10.838505    0.000000  288.305267    0.009351
  457.300 1.00000e+10    1.743942  -10.842021    0.000000  288.305298    0.009351
  462.300 1.00000e+10    1.717751  -10.845537    0.000000  288.305359    0.009351
  467.300 1.00000e+10    1.691560  -10.849053    0.000000  288.305450    0.009351
  472.300 1.00000e+10    1.665369  -10.852570    0.000000  288.305542    0.009351
  477.300 1.00000e+10    1.639178  -10.856086    0.000000  288.305634    0.009351
  482.300 1.00000e+10    1.612987  -10.859602    0.000000  288.305786    0.009351
  487.300 1.00000e+10    1.586796  -10.863118    0.000000  288.305969    0.009351
  492.300 1.00000e+10    1.560605  -10.866634    0.000000  288.306152    0.009351
  497.300 1.00000e+10    1.534413  -10.870150    0.000000  288.306335    0.009351
  502.300 1.00000e+10    1.508222  -10.873666    0.000000  288.306580    0.009351
  507.300 1.00000e+10    1.482031  -10.877182    0.000000  288.306824    0.009351
  512.300 1.00000e+10    1.457191  -10.876630    0.000000  288.307007    0.009351
  517.300 1.00000e+10    1.437952  -10.859199    0.000000  288.306824    0.009351
  522.300 1.00000e+10    1.418714  -10.841767    0.000000  288.306641    0.009351
  527.300 1.00000e+10    1.399476  -10.824336    0.000000  288.306488    0.009351
  532.300 1.00000e+10    1.380238  -10.806905    0.000000  288.306396    0.009351
  537.300 1.00000e+10    1.361000  -10.789474    0.000000  288.306274    0.009351
  542.300 1.00000e+10    1.341762  -10.772042    0.000000  288.306213    0.009351
  547.300 1.00000e+10    1.322524  -10.754611    0.000000  288.306122    0.009351
  552.300 1.00000e+10    1.303286  -10.737180    0.000000  288.306091    0.009351
  557.300 1.00000e+10    1.284048  -10.719748    0.000000  288.306061    0.009351
  562.300 1.00000e+10    1.264810  -10.702318    0.000000  288.306091    0.009351
  567.300 1.00000e+10    1.245572  -10.684887    0.000000  288.306091    0.009351
  572.300 1.00000e+10    1.226334  -10.667456    0.000000  288.306152    0.009351
  577.300 1.00000e+10    1.207096  -10.650024    0.000000  288.306213    0.009351
  582.300 1.00000e+10    1.187858  -10.632593    0.000000  288.306305    0.009351
  587.300 1.00000e+10    1.168620  -10.615162    0.000000  288.306396    0.009351
  592.300 1.00000e+10    1.149382  -10.597731    0.000000  288.306549    0.009351
  597.300 1.00000e+10    1.130143  -10.580299    0.000000  288.306671    0.009351
  602.300 1.00000e+10    1.110905  -10.562868    0.000000  288.306885    0.009351
  607.300 1.00000e+10    1.091667  -10.545437    0.000000  288.307068    0.009351
  612.300 1.00000e+10    1.072429  -10.528006    0.000000  288.307281    0.009351
  617.300 1.00000e+10    1.053191  -10.510574    0.000000  288.307526    0.009351
  622.300 1.00000e+10    1.033953  -10.493143    0.000000  288.307770    0.009351
  627.300 1.00000e+10    1.014715  -10.475712    0.000000  288.308075    0.009351
  632.300 1.00000e+10    0.997371  -10.455842    0.000000  288.308319    0.009351
  637.300 1.00000e+10    0.989415  -10.423884    0.000000  288.308258    0.009351
  642.300 1.00000e+10    0.981458  -10.391927    0.000000  288.308258    0.009351
  647.300 1.00000e+10    0.973501  -10.359969    0.000000  288.308258    0.009351
  652.300 1.00000e+10    0.965545  -10.328012    0.000000  288.308319    0.009351
  657.300 1.00000e+10    0.957588  -10.296053    0.000000  288.308350    0.009351
  662.300 1.00000e+10    0.949631  -10.264095    0.000000  288.308441    0.009351
  667.300 1.00000e+10    0.941675  -10.232138    0.000000  288.308533    0.009351
  672.300 1.00000e+10    0.933718  -10.200180    0.000000  288.308624    0.009351
  677.300 1.00000e+10    0.925762  -10.168222    0.000000  288.308777    0.009351
  682.300 1.00000e+10    0.918182  -10.137780    0.000000  302.469452    0.003477
  687.300 1.00000e+10    0.910648  -10.107519    0.000000  302.496552    0.003477
  692.300 1.00000e+10    0.903114  -10.077258    0.000000  302.523651    0.003477
  697.300 1.00000e+10    0.895579  -10.046997    0.000000  302.550781    0.003477
  702.300 1.00000e+10    0.888045  -10.016735    0.000000  302.577972    0.003477
  707.300 1.00000e+10    0.880511   -9.986474    0.000000  302.605164    0.003477
  712.300 1.00000e+10    0.872977   -9.956213    0.000000  302.632385    0.003477
  717.300 1.00000e+10    0.865442   -9.925952    0.000000  302.659637    0.003477
  722.300 1.00000e+10    0.857908   -9.895691    0.000000  302.686920    0.003477
  727.300 1.00000e+10    0.850374   -9.865430    0.000000  302.714264    0.003477
  732.300 1.00000e+10    0.842840   -9.835168    0.000000  302.741608    0.003477
  737.300 1.00000e+10    0.835305   -9.804907    0.000000  302.768982    0.003477
  742.300 1.00000e+10    0.827771   -9.774646    0.000000  302.796387    0.003477
  747.300 1.00000e+10    0.820237   -9.744385    0.000000  302.823822    0.003477
  752.300 1.00000e+10    0.812703   -9.714124    0.000000  302.851318    0.003477
  757.300 1.00000e+10    0.805168   -9.683862    0.000000  302.878784    0.003477
  762.300 1.00000e+10    0.797634   -9.653601    0.000000  302.906311    0.003477
  767.300 1.00000e+10    0.790100   -9.623340    0.000000  302.933868    0.003477
  772.300 1.00000e+10    0.784500   -9.592861    0.000000  302.961243    0.003477
  777.300 1.00000e+10    0.787049   -9.561469    0.000000  302.987762    0.003477
  782.300 1.00000e+10    0.789598   -9.530077    0.000000  303.014343    0.003477
  787.300 1.00000e+10    0.792146   -9.498685    0.000000  303.040924    0.003477
  792.300 1.00000e+10    0.794695   -9.467293    0.000000  303.067505    0.003477
  797.300 1.00000e+10    0.797244   -9.435901    0.000000  303.094177    0.003477
  802.300 1.00000e+10    0.799793   -9.404509    0.000000  303.120850    0.003477
  807.300 1.00000e+10    0.802341   -9.373116    0.000000  303.147552    0.003477
  812.300 1.00000e+10    0.804890   -9.341724    0.000000  303.174286    0.003477
  817.300 1.00000e+10    0.807439   -9.310332    0.000000  303.201050    0.003477
  822.300 1.00000e+10    0.809988   -9.278940    0.000000  303.227814    0.003477
  827.300 1.00000e+10    0.812536   -9.247548    0.000000  303.254639    0.003477
  832.300 1.00000e+10    0.815085   -9.216156    0.000000  303.281494    0.003477
  837.300 1.00000e+10    0.817634   -9.184764    0.000000  303.308411    0.003477
  842.300 1.00000e+10    0.820183   -9.153372    0.000000  303.335297    0.003477
  847.300 1.00000e+10    0.822732   -9.121980    0.000000  303.362244    0.003477
  852.300 1.00000e+10    0.825280   -9.090588    0.000000  303.389191    0.003477
  857.300 1.00000e+10    0.827829   -9.059196    0.000000  303.416168    0.003477
  862.300 1.00000e+10    0.830378   -9.027803    0.000000  303.443207    0.003477
  867.300 1.00000e+10    0.832927   -8.996412    0.000000  303.470245    0.003477
  872.300 1.00000e+10    0.835475   -8.965019    0.000000  303.497345    0.003477
  877.300 1.00000e+10    0.838024   -8.933628    0.000000  303.524475    0.003477
  882.300 1.00000e+10    0.840573   -8.902236    0.000000  303.551605    0.003477
  887.300 1.00000e+10    0.843122   -8.870844    0.000000  303.578796    0.003477
  892.300 1.00000e+10    0.845670   -8.839452    0.000000  303.605988    0.003477
  897.300 1.00000e+10    0.848219   -8.808060    0.000000  303.633209    0.003477
  902.300 9.88500e+09    0.850768   -8.776668    0.000000  303.660492    0.003477
  907.300 9.63500e+09    0.853317   -8.745275    0.000000  303.687775    0.003477
  912.300 9.38500e+09    0.855865   -8.713883    0.000000  303.715088    0.003477
  917.300 9.13500e+09    0.858414   -8.682491    0.000000  303.742462    0.003477
  922.300 8.88500e+09    0.860963   -8.651099    0.000000  303.769836    0.003477
  927.500 8.62500e+09    0.863614   -8.618451    0.000000  303.798309    0.003477
  933.300 8.33500e+09    0.868964   -8.583386    0.000000  303.829376    0.003477
  939.700 8.01500e+09    0.877618   -8.546244    0.000000  303.862701    0.003477
  946.600 7.67000e+09    0.886949   -8.506201    0.000000  303.898682    0.003477
  954.200 7.29000e+09    0.897226   -8.462094    0.000000  303.938416    0.003477
  962.500 6.87500e+09    0.908449   -8.413926    0.000000  303.981873    0.003477
  971.600 6.42000e+09    0.920754   -8.361115    0.000000  304.029572    0.003477
  981.600 5.92000e+09    0.934277   -8.303082    0.000000  304.082123    0.003477
  992.500 5.37500e+09    0.949016   -8.239824    0.000000  304.139587    0.003477
 1004.500 4.77500e+09    0.965243   -8.170183    0.000000  304.202942    0.003477
 1017.600 4.12000e+09    0.982957   -8.094159    0.000000  304.272308    0.003477
 1032.000 3.40000e+09    1.002429   -8.010590    0.000000  304.348816    0.003477
 1047.700 2.61501e+09    1.023659   -7.919477    0.000000  304.432495    0.003477
 1064.900 1.75500e+09    1.046917   -7.819658    0.000000  304.524506    0.003477
 1083.700 8.15006e+08    1.072339   -7.710554    0.000000  304.625488    0.003477
 1104.400 3.60000e+03    1.100330   -7.590423    0.000000  304.737183    0.003477
 1126.900 3.60000e+03    1.135729   -7.471006    0.000000  304.852844    0.003477
 1151.700 3.60000e+03    1.175454   -7.340969    0.000000  304.980103    0.003477
 1178.800 3.60000e+03    1.218863   -7.198870    0.000000  305.120026    0.003477
 1208.400 3.60000e+03    1.266277   -7.043664    0.000000  305.273773    0.003477
 1240.900 3.60000e+03    1.318335   -6.873251    0.000000  305.443848    0.003477
 1276.500 3.60000e+03    1.375360   -6.686584    0.000000  305.631561    0.003477
 1315.400 3.60000e+03    1.436196   -6.492070    0.000000  305.833496    0.003477
 1358.000 3.60000e+03    1.500070   -6.296685    0.000000  306.047394    0.003477
 1404.700 3.60000e+03    1.570091   -6.082496    0.000000  306.284363    0.003477
 1455.800 3.60000e+03    1.646710   -5.848125    0.000000  306.546570    0.003477
 1511.800 3.60000e+03    1.730676   -5.591281    0.000000  306.837555    0.003477
 1573.100 3.60000e+03    1.811182   -5.346787    0.000000  307.137848    0.003477
