1018.65  287.957 0.0113554 2.11983 -8.00085
	7.5	288.121	10.3598	2.06876	-7.79253
	22.5	288.302	9.35091	2.17726	-8.23639
	37.5	288.302	9.35091	2.28926	-8.69578
	52.5	288.302	9.35091	2.33647	-8.92089
	67.5	288.302	9.35091	2.37562	-9.11685
	82.5	288.302	9.35091	2.39949	-9.25982
	96.8	288.303	9.35091	2.41382	-9.36685
	110	288.303	9.35091	2.42704	-9.46566
	121.9	288.303	9.35091	2.4355	-9.5459
	132.9	288.303	9.35091	2.43761	-9.60556
	142.8	288.303	9.35091	2.43951	-9.65925
	151.9	288.303	9.35091	2.44125	-9.7086
	160.3	288.303	9.35091	2.44286	-9.75416
	167.9	288.303	9.35091	2.44432	-9.79538
	174.8	288.303	9.35091	2.44447	-9.83135
	181.2	288.303	9.35091	2.44144	-9.86084
	186.9	288.303	9.35091	2.43874	-9.88709
	192.2	288.303	9.35091	2.43624	-9.9115
	197.3	288.303	9.35091	2.43382	-9.935
	202.3	288.303	9.35091	2.43146	-9.95803
	207.3	288.303	9.35091	2.42909	-9.98106
	212.3	288.304	9.35091	2.42673	-10.0041
	217.3	288.304	9.35091	2.42436	-10.0271
	222.3	288.304	9.35091	2.422	-10.0502
	227.3	288.304	9.35091	2.41963	-10.0732
	232.3	288.304	9.35091	2.41727	-10.0962
	237.3	288.304	9.35091	2.4149	-10.1193
	242.3	288.304	9.35091	2.40937	-10.1406
	247.3	288.304	9.35091	2.40289	-10.1614
	252.3	288.304	9.35091	2.39642	-10.1823
	257.3	288.304	9.35091	2.38995	-10.2031
	262.3	288.304	9.35091	2.38348	-10.224
	267.3	288.304	9.35091	2.37701	-10.2448
	272.3	288.304	9.35091	2.37053	-10.2657
	277.3	288.304	9.35091	2.36406	-10.2865
	282.3	288.304	9.35091	2.35759	-10.3074
	287.3	288.304	9.35091	2.35112	-10.3282
	292.3	288.304	9.35091	2.34465	-10.3491
	297.3	288.304	9.35091	2.33817	-10.3699
	302.3	288.305	9.35091	2.3317	-10.3907
	307.3	288.305	9.35091	2.32523	-10.4116
	312.3	288.305	9.35091	2.31876	-10.4324
	317.3	288.305	9.35091	2.30818	-10.4529
	322.3	288.305	9.35091	2.29152	-10.4728
	327.3	288.305	9.35091	2.27485	-10.4927
	332.3	288.305	9.35091	2.25819	-10.5126
	337.3	288.305	9.35091	2.24153	-10.5325
	342.3	288.305	9.35091	2.22486	-10.5524
	347.3	288.305	9.35091	2.2082	-10.5723
	352.3	288.305	9.35091	2.19153	-10.5921
	357.3	288.305	9.35091	2.17487	-10.612
	362.3	288.305	9.35091	2.15821	-10.6319
	367.3	288.305	9.35091	2.14154	-10.6518
	372.3	288.305	9.35091	2.12488	-10.6717
	377.3	288.305	9.35091	2.10822	-10.6916
	382.3	288.305	9.35091	2.09155	-10.7115
	387.3	288.305	9.35091	2.07489	-10.7314
	392.3	288.305	9.35091	2.05822	-10.7513
	397.3	288.306	9.35091	2.04156	-10.7712
	402.3	288.306	9.35091	2.0249	-10.7911
	407.3	288.306	9.35091	2.00585	-10.8069
	412.3	288.306	9.35091	1.97966	-10.8104
	417.3	288.306	9.35091	1.95347	-10.8139
	422.3	288.306	9.35091	1.92728	-10.8174
	427.3	288.305	9.35091	1.90109	-10.8209
	432.3	288.305	9.35091	1.8749	-10.8244
	437.3	288.305	9.35091	1.84871	-10.828
	442.3	288.305	9.35091	1.82252	-10.8315
	447.3	288.305	9.35091	1.79632	-10.835
	452.3	288.305	9.35091	1.77013	-10.8385
	457.3	288.305	9.35091	1.74394	-10.842
	462.3	288.305	9.35091	1.71775	-10.8455
	467.3	288.305	9.35091	1.69156	-10.8491
	472.3	288.306	9.35091	1.66537	-10.8526
	477.3	288.306	9.35091	1.63918	-10.8561
	482.3	288.306	9.35091	1.61299	-10.8596
	487.3	288.306	9.35091	1.5868	-10.8631
	492.3	288.306	9.35091	1.5606	-10.8666
	497.3	288.306	9.35091	1.53441	-10.8701
	502.3	288.307	9.35091	1.50822	-10.8737
	507.3	288.307	9.35091	1.48203	-10.8772
	512.3	288.307	9.35091	1.45719	-10.8766
	517.3	288.307	9.35091	1.43795	-10.8592
	522.3	288.307	9.35091	1.41871	-10.8418
	527.3	288.306	9.35091	1.39948	-10.8243
	532.3	288.306	9.35091	1.38024	-10.8069
	537.3	288.306	9.35091	1.361	-10.7895
	542.3	288.306	9.35091	1.34176	-10.772
	547.3	288.306	9.35091	1.32252	-10.7546
	552.3	288.306	9.35091	1.30329	-10.7372
	557.3	288.306	9.35091	1.28405	-10.7197
	562.3	288.306	9.35091	1.26481	-10.7023
	567.3	288.306	9.35091	1.24557	-10.6849
	572.3	288.306	9.35091	1.22633	-10.6675
	577.3	288.306	9.35091	1.2071	-10.65
	582.3	288.306	9.35091	1.18786	-10.6326
	587.3	288.306	9.35091	1.16862	-10.6152
	592.3	288.307	9.35091	1.14938	-10.5977
	597.3	288.307	9.35091	1.13014	-10.5803
	602.3	288.307	9.35091	1.11091	-10.5629
	607.3	288.307	9.35091	1.09167	-10.5454
	612.3	288.307	9.35091	1.07243	-10.528
	617.3	288.308	9.35091	1.05319	-10.5106
	622.3	288.308	9.35091	1.03395	-10.4931
	627.3	288.308	9.35091	1.01472	-10.4757
	632.3	288.308	9.35091	0.997371	-10.4558
	637.3	288.308	9.35091	0.989415	-10.4239
	642.3	288.308	9.35091	0.981458	-10.3919
	647.3	288.308	9.35091	0.973501	-10.36
	652.3	288.308	9.35091	0.965545	-10.328
	657.3	288.308	9.35091	0.957588	-10.2961
	662.3	288.308	9.35091	0.949631	-10.2641
	667.3	288.309	9.35091	0.941675	-10.2321
	672.3	288.309	9.35091	0.933718	-10.2002
	677.3	288.309	9.35091	0.925762	-10.1682
	682.3	302.469	3.47691	0.918182	-10.1378
	687.3	302.497	3.47691	0.910648	-10.1075
	692.3	302.524	3.47691	0.903114	-10.0773
	697.3	302.551	3.47691	0.895579	-10.047
	702.3	302.578	3.47691	0.888045	-10.0167
	707.3	302.605	3.47691	0.880511	-9.98647
	712.3	302.632	3.47691	0.872977	-9.95621
	717.3	302.66	3.47691	0.865442	-9.92595
	722.3	302.687	3.47691	0.857908	-9.89569
	727.3	302.714	3.47691	0.850374	-9.86543
	732.3	302.742	3.47691	0.84284	-9.83517
	737.3	302.769	3.47691	0.835305	-9.80491
	742.3	302.796	3.47691	0.827771	-9.77465
	747.3	302.824	3.47691	0.820237	-9.74438
	752.3	302.851	3.47691	0.812703	-9.71412
	757.3	302.879	3.47691	0.805168	-9.68386
	762.3	302.906	3.47691	0.797634	-9.6536
	767.3	302.934	3.47691	0.7901	-9.62334
	772.3	302.961	3.47691	0.7845	-9.59286
	777.3	302.988	3.47691	0.787049	-9.56147
	782.3	303.014	3.47691	0.789598	-9.53008
	787.3	303.041	3.47691	0.792146	-9.49868
	792.3	303.068	3.47691	0.794695	-9.46729
	797.3	303.094	3.47691	0.797244	-9.4359
	802.3	303.121	3.47691	0.799793	-9.40451
	807.3	303.148	3.47691	0.802341	-9.37312
	812.3	303.174	3.47691	0.80489	-9.34172
	817.3	303.201	3.47691	0.807439	-9.31033
	822.3	303.228	3.47691	0.809988	-9.27894
	827.3	303.255	3.47691	0.812536	-9.24755
	832.3	303.281	3.47691	0.815085	-9.21616
	837.3	303.308	3.47691	0.817634	-9.18476
	842.3	303.335	3.47691	0.820183	-9.15337
	847.3	303.362	3.47691	0.822732	-9.12198
	852.3	303.389	3.47691	0.82528	-9.09059
	857.3	303.416	3.47691	0.827829	-9.0592
	862.3	303.443	3.47691	0.830378	-9.0278
	867.3	303.47	3.47691	0.832927	-8.99641
	872.3	303.497	3.47691	0.835475	-8.96502
	877.3	303.524	3.47691	0.838024	-8.93363
	882.3	303.552	3.47691	0.840573	-8.90224
	887.3	303.579	3.47691	0.843122	-8.87084
	892.3	303.606	3.47691	0.84567	-8.83945
	897.3	303.633	3.47691	0.848219	-8.80806
	902.3	303.66	3.47691	0.850768	-8.77667
	907.3	303.688	3.47691	0.853317	-8.74528
	912.3	303.715	3.47691	0.855865	-8.71388
	917.3	303.742	3.47691	0.858414	-8.68249
	922.3	303.77	3.47691	0.860963	-8.6511
	927.5	303.798	3.47691	0.863614	-8.61845
	933.3	303.829	3.47691	0.868964	-8.58339
	939.7	303.863	3.47691	0.877618	-8.54624
	946.6	303.899	3.47691	0.886949	-8.5062
	954.2	303.938	3.47691	0.897226	-8.46209
	962.5	303.982	3.47691	0.908449	-8.41393
	971.6	304.03	3.47691	0.920754	-8.36112
	981.6	304.082	3.47691	0.934277	-8.30308
	992.5	304.14	3.47691	0.949016	-8.23982
	1004.5	304.203	3.47691	0.965243	-8.17018
	1017.6	304.272	3.47691	0.982957	-8.09416
	1032	304.349	3.47691	1.00243	-8.01059
	1047.7	304.432	3.47691	1.02366	-7.91948
	1064.9	304.525	3.47691	1.04692	-7.81966
	1083.7	304.625	3.47691	1.07234	-7.71055
	1104.4	304.737	3.47691	1.10033	-7.59042
	1126.9	304.853	3.47691	1.13573	-7.47101
	1151.7	304.98	3.47691	1.17545	-7.34097
	1178.8	305.12	3.47691	1.21886	-7.19887
	1208.4	305.274	3.47691	1.26628	-7.04366
	1240.9	305.444	3.47691	1.31834	-6.87325
	1276.5	305.632	3.47691	1.37536	-6.68658
	1315.4	305.833	3.47691	1.4362	-6.49207
	1358	306.047	3.47691	1.50007	-6.29669
	1404.7	306.284	3.47691	1.57009	-6.0825
	1455.8	306.547	3.47691	1.64671	-5.84813
	1511.8	306.838	3.47691	1.73068	-5.59128
	1573.1	307.138	3.47699	1.81118	-5.34679
