	289.46	91			
	0.000709261	218	4.32191e-07	6.93440e-07	0
	0.0013172	231	4.19289e-07	9.23243e-07	0
	0.00253308	245	4.24899e-07	1.27890e-06	0
	0.0048635	260	4.12278e-07	1.70380e-06	0
	0.00952436	276	4.59606e-07	2.60040e-06	0
	0.0176302	270	4.38849e-07	4.05764e-06	0
	0.0333353	258	4.08538e-07	6.29702e-06	0
	0.065252	245	3.84971e-07	6.78494e-06	0
	0.13172	234	3.57941e-07	6.76637e-06	0
	0.276612	224	3.69835e-06	6.45060e-06	0
	0.322207	223	3.66955e-06	5.84206e-06	0
	0.375908	222	3.78973e-06	5.48301e-06	0
	0.436702	220	3.69566e-06	4.83796e-06	0
	0.509655	219	3.70910e-06	4.14682e-06	0
	0.594766	218	3.69444e-06	3.32304e-06	0
	0.695076	217	3.70354e-06	2.66922e-06	0
	0.81261	216	3.71384e-06	1.99210e-06	0
	0.95041	216	3.76013e-06	1.46976e-06	0
	1.1105	211.004	2.05214e-06	1.08660e-06	0
	1.29997	211.499	5.57087e-06	8.09878e-07	0
	1.52998	212.1	9.84249e-06	6.77690e-07	0
	1.79038	212.781	1.46785e-05	4.90333e-07	0
	2.09029	215.148	2.77939e-05	3.45568e-07	0
	2.43074	222.006	6.25685e-05	2.83827e-07	0
	2.8107	229.66	0.000101379	2.05385e-07	0
	3.24031	237.409	0.000184911	1.75554e-07	0
	4.9442	239.84	2.84838e-06	9.30123e-06	0
	14.8325	228.632	2.45626e-06	1.14820e-05	0
	24.721	222.066	2.22209e-06	8.58005e-06	0
	34.6094	218.216	2.07047e-06	5.81991e-06	0
	44.4976	215.553	1.97504e-06	3.61159e-06	0
	54.3862	213.064	1.93356e-06	2.27646e-06	0
	64.2747	210.692	1.93765e-06	1.42564e-06	0
	74.1628	208.727	2.02099e-06	8.82672e-07	0
	84.0515	207.238	2.22345e-06	5.85249e-07	0
	93.9406	206.109	2.57466e-06	4.32655e-07	0
	103.83	205.463	3.04643e-06	3.18806e-07	0
	113.722	205.345	3.51932e-06	2.43633e-07	0
	123.615	205.898	4.05285e-06	2.24752e-07	0
	133.51	206.949	4.63742e-06	2.08627e-07	0
	143.407	208.461	5.44826e-06	1.92232e-07	0
	153.391	210.283	6.52280e-06	1.78047e-07	0
	163.77	212.354	8.22418e-06	1.67598e-07	0
	174.787	214.65	1.07600e-05	1.58759e-07	0
	186.478	217.084	1.41680e-05	1.49598e-07	0
	198.878	219.612	1.89524e-05	1.39407e-07	0
	212.026	222.219	2.56490e-05	1.29804e-07	0
	225.962	224.955	3.46237e-05	1.20976e-07	0
	240.727	227.795	4.68341e-05	1.12673e-07	0
	256.365	230.742	6.25927e-05	1.05005e-07	0
	272.922	233.747	8.39562e-05	9.78727e-08	0
	290.444	236.836	0.000116218	9.15533e-08	0
	308.981	239.956	0.000164931	8.72225e-08	0
	328.586	243.122	0.000224721	8.31281e-08	0
	349.31	246.351	0.000294027	7.92614e-08	0
	371.212	249.558	0.000378655	7.55817e-08	0
	394.348	252.756	0.000484263	7.30793e-08	0
	418.773	255.979	0.000616963	7.12968e-08	0
	444.523	259.258	0.000766179	6.95746e-08	0
	471.496	262.534	0.000925172	6.78748e-08	0
	499.45	265.745	0.00108205	6.62720e-08	0
	528.123	268.8	0.00122999	6.46581e-08	0
	557.235	271.632	0.001426	6.31538e-08	0
	586.503	274.234	0.00169325	6.16710e-08	0
	615.699	276.65	0.00200742	6.02921e-08	0
	644.673	279.006	0.00231533	5.92441e-08	0
	673.299	281.241	0.00262082	5.88586e-08	0
	701.455	283.377	0.00289939	5.85218e-08	0
	728.998	285.424	0.00321016	5.80880e-08	0
	755.782	287.385	0.00343955	5.73945e-08	0
	781.687	289.204	0.00351751	5.67656e-08	0
	806.608	290.786	0.00350282	5.61766e-08	0
	830.425	292.066	0.00347723	5.53668e-08	0
	853.014	293.217	0.00347691	5.45318e-08	0
	874.286	294.247	0.00347691	5.37341e-08	0
	894.174	295.166	0.00347691	5.29626e-08	0
	912.604	295.979	0.00347691	5.22069e-08	0
	929.5	296.694	0.00347691	5.11424e-08	0
	939.554	297.105	0.00347691	5.04188e-08	0
	939.556	283.218	0.00935091	5.04187e-08	0
	944.82	283.67	0.00935091	5.00399e-08	0
	958.56	284.842	0.00935091	4.89756e-08	0
	970.718	285.868	0.00935091	4.79982e-08	0
	981.288	286.753	0.00935091	4.74244e-08	0
	990.302	287.503	0.00935091	4.70680e-08	0
	998.02	288.14	0.00935091	4.67947e-08	0
	1004.59	288.681	0.00935091	4.65720e-08	0
	1009.91	289.116	0.00935091	4.63961e-08	0
	1013.95	289.446	0.00935091	4.62653e-08	0
	1016.87	289.683	0.00935091	4.61745e-08	0
	1018.65	289.46	0.0113951	4.61745e-08	0
