    7.500     -3.89e-05   -7.38e-09 -1.28e-05
   22.500     -1.17e-04   -7.38e-09 -1.28e-05
   37.500     -1.94e-04   -7.38e-09 -1.28e-05
   52.500     -2.72e-04   -7.38e-09 -1.28e-05
   67.500     -3.50e-04   -7.38e-09 -1.28e-05
   82.500     -4.28e-04   -7.38e-09 -1.28e-05
   96.800     -5.03e-04   -7.38e-09 -1.28e-05
  110.000     -5.71e-04   -7.38e-09 -1.28e-05
  121.900     -6.33e-04   -7.38e-09 -1.28e-05
  132.900     -6.91e-04   -7.38e-09 -1.28e-05
  142.800     -7.42e-04   -7.38e-09 -1.28e-05
  151.900     -7.90e-04   -7.38e-09 -1.28e-05
  160.300     -8.33e-04   -7.38e-09 -1.28e-05
  167.900     -8.73e-04   -7.38e-09 -1.28e-05
  174.800     -9.09e-04   -7.38e-09 -1.28e-05
  181.200     -9.42e-04   -7.38e-09 -1.28e-05
  186.900     -9.72e-04   -7.38e-09 -1.28e-05
  192.200     -1.00e-03   -7.38e-09 -1.28e-05
  197.300     -1.03e-03   -7.38e-09 -1.28e-05
  202.300     -1.05e-03   -7.38e-09 -1.28e-05
  207.300     -1.08e-03   -7.38e-09 -1.28e-05
  212.300     -1.10e-03   -7.38e-09 -1.28e-05
  217.300     -1.13e-03   -7.38e-09 -1.28e-05
  222.300     -1.16e-03   -7.38e-09 -1.28e-05
  227.300     -1.18e-03   -7.38e-09 -1.28e-05
  232.300     -1.21e-03   -7.38e-09 -1.28e-05
  237.300     -1.23e-03   -7.38e-09 -1.28e-05
  242.300     -1.26e-03   -7.38e-09 -1.28e-05
  247.300     -1.29e-03   -7.38e-09 -1.28e-05
  252.300     -1.31e-03   -7.38e-09 -1.28e-05
  257.300     -1.34e-03   -7.38e-09 -1.28e-05
  262.300     -1.36e-03   -7.38e-09 -1.28e-05
  267.300     -1.39e-03   -7.38e-09 -1.28e-05
  272.300     -1.42e-03   -7.38e-09 -1.28e-05
  277.300     -1.44e-03   -7.38e-09 -1.28e-05
  282.300     -1.47e-03   -7.38e-09 -1.28e-05
  287.300     -1.49e-03   -7.38e-09 -1.28e-05
  292.300     -1.52e-03   -7.38e-09 -1.28e-05
  297.300     -1.55e-03   -7.38e-09 -1.28e-05
  302.300     -1.57e-03   -7.38e-09 -1.28e-05
  307.300     -1.60e-03   -7.38e-09 -1.28e-05
  312.300     -1.62e-03   -7.38e-09 -1.28e-05
  317.300     -1.65e-03   -7.38e-09 -1.28e-05
  322.300     -1.68e-03   -7.38e-09 -1.28e-05
  327.300     -1.70e-03   -7.38e-09 -1.28e-05
  332.300     -1.73e-03   -7.38e-09 -1.28e-05
  337.300     -1.75e-03   -7.38e-09 -1.28e-05
  342.300     -1.78e-03   -7.38e-09 -1.28e-05
  347.300     -1.81e-03   -7.38e-09 -1.28e-05
  352.300     -1.83e-03   -7.38e-09 -1.28e-05
  357.300     -1.86e-03   -7.38e-09 -1.28e-05
  362.300     -1.88e-03   -7.38e-09 -1.28e-05
  367.300     -1.91e-03   -7.38e-09 -1.28e-05
  372.300     -1.94e-03   -7.38e-09 -1.28e-05
  377.300     -1.96e-03   -7.38e-09 -1.28e-05
  382.300     -1.99e-03   -7.38e-09 -1.28e-05
  387.300     -2.01e-03   -7.38e-09 -1.28e-05
  392.300     -2.04e-03   -7.38e-09 -1.28e-05
  397.300     -2.06e-03   -7.38e-09 -1.28e-05
  402.300     -2.09e-03   -7.38e-09 -1.28e-05
  407.300     -2.12e-03   -7.38e-09 -1.28e-05
  412.300     -2.14e-03   -7.38e-09 -1.28e-05
  417.300     -2.17e-03   -7.38e-09 -1.28e-05
  422.300     -2.19e-03   -7.38e-09 -1.28e-05
  427.300     -2.22e-03   -7.38e-09 -1.28e-05
  432.300     -2.24e-03   -7.38e-09 -1.28e-05
  437.300     -2.27e-03   -7.38e-09 -1.28e-05
  442.300     -2.30e-03   -7.38e-09 -1.28e-05
  447.300     -2.32e-03   -7.38e-09 -1.28e-05
  452.300     -2.35e-03   -7.38e-09 -1.28e-05
  457.300     -2.37e-03   -7.38e-09 -1.28e-05
  462.300     -2.40e-03   -7.38e-09 -1.28e-05
  467.300     -2.42e-03   -7.38e-09 -1.28e-05
  472.300     -2.45e-03   -7.38e-09 -1.28e-05
  477.300     -2.47e-03   -7.38e-09 -1.28e-05
  482.300     -2.50e-03   -7.38e-09 -1.28e-05
  487.300     -2.53e-03   -7.38e-09 -1.28e-05
  492.300     -2.55e-03   -7.38e-09 -1.28e-05
  497.300     -2.58e-03   -7.38e-09 -1.28e-05
  502.300     -2.60e-03   -7.38e-09 -1.28e-05
  507.300     -2.63e-03   -7.38e-09 -1.28e-05
  512.300     -2.65e-03   -7.38e-09 -1.28e-05
  517.300     -2.68e-03   -7.38e-09 -1.28e-05
  522.300     -2.70e-03   -7.38e-09 -1.28e-05
  527.300     -2.73e-03   -7.38e-09 -1.28e-05
  532.300     -2.75e-03   -7.38e-09 -1.28e-05
  537.300     -2.78e-03   -7.38e-09 -1.28e-05
  542.300     -2.81e-03   -7.38e-09 -1.28e-05
  547.300     -2.83e-03   -7.38e-09 -1.28e-05
  552.300     -2.86e-03   -7.38e-09 -1.28e-05
  557.300     -2.88e-03   -7.38e-09 -1.28e-05
  562.300     -2.91e-03   -7.38e-09 -1.28e-05
  567.300     -2.93e-03   -7.38e-09 -1.28e-05
  572.300     -2.96e-03   -7.38e-09 -1.28e-05
  577.300     -2.98e-03   -7.38e-09 -1.28e-05
  582.300     -3.01e-03   -7.38e-09 -1.28e-05
  587.300     -3.03e-03   -7.38e-09 -1.28e-05
  592.300     -3.06e-03   -7.38e-09 -1.28e-05
  597.300     -3.08e-03   -7.38e-09 -1.28e-05
  602.300     -3.11e-03   -7.38e-09 -1.28e-05
  607.300     -3.13e-03   -7.38e-09 -1.28e-05
  612.300     -3.16e-03   -7.38e-09 -1.28e-05
  617.300     -3.18e-03   -7.38e-09 -1.28e-05
  622.300     -3.21e-03   -7.38e-09 -1.28e-05
  627.300     -3.23e-03   -7.38e-09 -1.28e-05
  632.300     -3.26e-03   -7.38e-09 -1.28e-05
  637.300     -3.28e-03   -7.38e-09 -1.28e-05
  642.300     -3.31e-03   -7.38e-09 -1.28e-05
  647.300     -3.33e-03   -7.38e-09 -1.28e-05
  652.300     -3.36e-03   -7.38e-09 -1.28e-05
  657.300     -3.38e-03   -7.38e-09 -1.28e-05
  662.300     -3.40e-03   -7.38e-09 -1.28e-05
  667.300     -3.43e-03   -7.38e-09 -1.28e-05
  672.300     -3.45e-03   -7.38e-09 -1.28e-05
  677.300     -3.48e-03   -7.38e-09 -1.28e-05
  682.300     -3.67e-03   -7.38e-09 -1.28e-05
  687.300     -3.70e-03   -7.38e-09 -1.28e-05
  692.300     -3.72e-03   -7.38e-09 -1.28e-05
  697.300     -3.75e-03   -7.38e-09 -1.28e-05
  702.300     -3.77e-03   -7.38e-09 -1.28e-05
  707.300     -3.80e-03   -7.38e-09 -1.28e-05
  712.300     -3.82e-03   -7.38e-09 -1.28e-05
  717.300     -3.85e-03   -7.38e-09 -1.28e-05
  722.300     -3.87e-03   -7.38e-09 -1.28e-05
  727.300     -3.90e-03   -7.38e-09 -1.28e-05
  732.300     -3.92e-03   -7.38e-09 -1.28e-05
  737.300     -3.95e-03   -7.38e-09 -1.28e-05
  742.300     -3.97e-03   -7.38e-09 -1.28e-05
  747.300     -4.00e-03   -7.38e-09 -1.28e-05
  752.300     -4.02e-03   -7.38e-09 -1.28e-05
  757.300     -4.05e-03   -7.38e-09 -1.28e-05
  762.300     -4.07e-03   -7.38e-09 -1.28e-05
  767.300     -4.10e-03   -7.38e-09 -1.28e-05
  772.300     -4.12e-03   -7.38e-09 -1.28e-05
  777.300     -4.15e-03   -7.38e-09 -1.28e-05
  782.300     -4.17e-03   -7.38e-09 -1.28e-05
  787.300     -4.19e-03   -7.38e-09 -1.28e-05
  792.300     -4.22e-03   -7.38e-09 -1.28e-05
  797.300     -4.24e-03   -7.38e-09 -1.28e-05
  802.300     -4.27e-03   -7.38e-09 -1.28e-05
  807.300     -4.29e-03   -7.38e-09 -1.28e-05
  812.300     -4.31e-03   -7.38e-09 -1.28e-05
  817.300     -4.34e-03   -7.38e-09 -1.28e-05
  822.300     -4.36e-03   -7.38e-09 -1.28e-05
  827.300     -4.39e-03   -7.38e-09 -1.28e-05
  832.300     -4.41e-03   -7.38e-09 -1.28e-05
  837.300     -4.43e-03   -7.38e-09 -1.28e-05
  842.300     -4.46e-03   -7.38e-09 -1.28e-05
  847.300     -4.48e-03   -7.38e-09 -1.28e-05
  852.300     -4.51e-03   -7.38e-09 -1.28e-05
  857.300     -4.53e-03   -7.38e-09 -1.28e-05
  862.300     -4.55e-03   -7.38e-09 -1.28e-05
  867.300     -4.58e-03   -7.38e-09 -1.28e-05
  872.300     -4.60e-03   -7.38e-09 -1.28e-05
  877.300     -4.63e-03   -7.38e-09 -1.28e-05
  882.300     -4.65e-03   -7.38e-09 -1.28e-05
  887.300     -4.67e-03   -7.38e-09 -1.28e-05
  892.300     -4.70e-03   -7.38e-09 -1.28e-05
  897.300     -4.72e-03   -7.38e-09 -1.28e-05
  902.300     -4.75e-03   -7.38e-09 -1.28e-05
  907.300     -4.77e-03   -7.38e-09 -1.28e-05
  912.300     -4.79e-03   -7.38e-09 -1.28e-05
  917.300     -4.82e-03   -7.38e-09 -1.28e-05
  922.300     -4.84e-03   -7.38e-09 -1.28e-05
  927.500     -4.87e-03   -7.38e-09 -1.28e-05
  933.300     -4.89e-03   -7.38e-09 -1.28e-05
  939.700     -4.92e-03   -7.36e-09 -1.28e-05
  946.600     -4.96e-03   -7.35e-09 -1.29e-05
  954.200     -4.99e-03   -7.33e-09 -1.29e-05
  962.500     -5.03e-03   -7.31e-09 -1.29e-05
  971.600     -5.07e-03   -7.29e-09 -1.29e-05
  981.600     -5.12e-03   -7.27e-09 -1.30e-05
  992.500     -5.17e-03   -7.24e-09 -1.30e-05
 1004.500     -5.22e-03   -7.21e-09 -1.31e-05
 1017.600     -5.28e-03   -7.18e-09 -1.31e-05
 1032.000     -5.35e-03   -7.15e-09 -1.32e-05
 1047.700     -5.42e-03   -7.12e-09 -1.32e-05
 1064.900     -5.50e-03   -7.08e-09 -1.33e-05
 1083.700     -5.58e-03   -7.03e-09 -1.33e-05
 1104.400     -5.68e-03   -6.99e-09 -1.34e-05
 1126.900     -5.77e-03   -6.84e-09 -1.37e-05
 1151.700     -5.88e-03   -6.66e-09 -1.39e-05
 1178.800     -5.99e-03   -6.47e-09 -1.42e-05
 1208.400     -6.12e-03   -6.26e-09 -1.46e-05
 1240.900     -6.26e-03   -6.03e-09 -1.49e-05
 1276.500     -6.41e-03   -5.78e-09 -1.53e-05
 1315.400     -6.57e-03   -5.51e-09 -1.58e-05
 1358.000     -6.74e-03   -5.21e-09 -1.62e-05
 1404.700     -6.92e-03   -4.89e-09 -1.67e-05
 1455.800     -7.12e-03   -4.53e-09 -1.73e-05
 1511.800     -7.33e-03   -4.15e-09 -1.79e-05
 1573.100     -7.54e-03   -3.73e-09 -1.86e-05
