  1029.000   288.000    10.200    -0.700   -10.000
   662.500   288.000    10.200    -0.700   -10.000
   675.000   289.375     9.925    -1.025   -10.000
   695.000   291.575     9.485    -1.545   -10.000
   715.000   293.515     9.093    -2.000   -10.000
   735.000   293.635     9.037    -2.000   -10.000
   755.000   293.755     8.981    -2.000   -10.000
   775.000   293.875     8.925    -2.000   -10.000
   795.000   293.995     8.869    -2.000   -10.000
   815.000   294.115     8.813    -2.000   -10.000
   835.000   294.235     8.757    -2.000   -10.000
   855.000   294.355     8.701    -2.000   -10.000
   875.000   294.475     8.645    -2.000   -10.000
   895.000   294.595     8.589    -2.000   -10.000
   915.000   294.715     8.533    -2.000   -10.000
   935.000   294.835     8.477    -2.000   -10.000
   955.000   294.955     8.421    -2.000   -10.000
   975.000   295.075     8.365    -2.000   -10.000
   995.000   295.195     8.309    -2.000   -10.000
  1015.000   295.315     8.253    -2.000   -10.000
  1035.000   295.435     8.197    -2.000   -10.000
  1055.000   295.555     8.141    -2.000   -10.000
  1075.000   295.675     8.085    -2.000   -10.000
  1095.000   295.795     8.029    -2.000   -10.000
  1115.000   295.915     7.973    -2.000   -10.000
  1135.000   296.035     7.917    -2.000   -10.000
  1155.000   296.155     7.861    -2.000   -10.000
  1175.000   296.275     7.805    -2.000   -10.000
  1195.000   296.395     7.749    -2.000   -10.000
  1215.000   296.515     7.693    -2.000   -10.000
  1235.000   296.635     7.637    -2.000   -10.000
  1255.000   296.755     7.581    -2.000   -10.000
  1275.000   296.875     7.525    -2.000   -10.000
  1295.000   296.995     7.469    -2.000   -10.000
  1315.000   297.115     7.413    -2.000   -10.000
  1335.000   297.235     7.357    -2.000   -10.000
  1355.000   297.355     7.301    -2.000   -10.000
  1375.000   297.475     7.245    -2.000   -10.000
  1395.000   297.595     7.189    -2.000   -10.000
  1415.000   297.715     7.133    -2.000   -10.000
  1435.000   297.835     7.077    -2.000   -10.000
  1455.000   297.955     7.021    -2.000   -10.000
  1475.000   298.075     6.965    -2.000   -10.000
  1495.000   298.195     6.909    -2.000   -10.000
  1515.000   298.315     6.853    -2.000   -10.000
  1535.000   298.435     6.797    -2.000   -10.000
  1555.000   298.555     6.741    -2.000   -10.000
  1575.000   298.675     6.685    -2.000   -10.000
  1595.000   298.795     6.629    -2.000   -10.000
  1615.000   298.915     6.573    -2.000   -10.000
  1635.000   299.035     6.517    -2.000   -10.000
  1655.000   299.155     6.461    -2.000   -10.000
  1675.000   299.275     6.405    -2.000   -10.000
  1695.000   299.395     6.349    -2.000   -10.000
  1715.000   299.515     6.293    -2.000   -10.000
  1735.000   299.635     6.237    -2.000   -10.000
  1755.000   299.755     6.181    -2.000   -10.000
  1775.000   299.875     6.125    -2.000   -10.000
  1795.000   299.995     6.069    -2.000   -10.000
  1815.000   300.115     6.013    -2.000   -10.000
  1835.000   300.235     5.957    -2.000   -10.000
  1855.000   300.355     5.901    -2.000   -10.000
  1875.000   300.475     5.845    -2.000   -10.000
  1895.000   300.595     5.789    -2.000   -10.000
  1915.000   300.715     5.733    -2.000   -10.000
  1935.000   300.835     5.677    -2.000   -10.000
  1955.000   300.955     5.621    -2.000   -10.000
  1975.000   301.075     5.565    -2.000   -10.000
  1995.000   301.195     5.509    -2.000   -10.000
  2015.000   301.315     5.453    -2.000   -10.000
  2035.000   301.435     5.397    -2.000   -10.000
  2055.000   301.555     5.341    -2.000   -10.000
  2075.000   301.675     5.285    -2.000   -10.000
  2095.000   301.795     5.229    -2.000   -10.000
  2115.000   301.915     5.173    -2.000   -10.000
  2135.000   302.035     5.117    -2.000   -10.000
  2155.000   302.155     5.061    -2.000   -10.000
  2175.000   302.275     5.005    -2.000   -10.000
  2195.000   302.395     4.949    -2.000   -10.000
  2215.000   302.515     4.893    -2.000   -10.000
  2235.000   302.635     4.837    -2.000   -10.000
  2255.000   302.755     4.781    -2.000   -10.000
  2275.000   302.875     4.725    -2.000   -10.000
  2295.000   302.995     4.669    -2.000   -10.000
  2315.000   303.115     4.613    -2.000   -10.000
  2335.000   303.235     4.557    -2.000   -10.000
  2355.000   303.355     4.501    -2.000   -10.000
  2375.000   303.475     4.445    -2.000   -10.000
  2395.000   303.595     4.389    -2.000   -10.000
  2415.000   303.715     4.333    -2.000   -10.000
  2435.000   303.835     4.277    -2.000   -10.000
  2455.000   303.955     4.221    -2.000   -10.000
  2475.000   304.075     4.165    -2.000   -10.000
  2495.000   304.195     4.109    -2.000   -10.000
  2515.000   304.315     4.053    -2.000   -10.000
  2535.000   304.435     3.997    -2.000   -10.000
  2555.000   304.555     3.941    -2.000   -10.000
  2575.000   304.675     3.885    -2.000   -10.000
  2595.000   304.795     3.829    -2.000   -10.000
  2615.000   304.915     3.773    -2.000   -10.000
  2635.000   305.035     3.717    -2.000   -10.000
  2655.000   305.155     3.661    -2.000   -10.000
  2675.000   305.275     3.605    -2.000   -10.000
  2695.000   305.395     3.549    -2.000   -10.000
  2715.000   305.515     3.493    -2.000   -10.000
  2735.000   305.635     3.437    -2.000   -10.000
  2755.000   305.755     3.381    -2.000   -10.000
  2775.000   305.875     3.325    -2.000   -10.000
  2795.000   305.995     3.269    -2.000   -10.000
  2815.000   306.115     3.213    -2.000   -10.000
  2835.000   306.235     3.157    -2.000   -10.000
  2855.000   306.355     3.101    -2.000   -10.000
  2875.000   306.475     3.045    -2.000   -10.000
  2895.000   306.595     2.989    -2.000   -10.000
  2915.000   306.715     2.933    -2.000   -10.000
  2935.000   306.835     2.877    -2.000   -10.000
  2955.000   306.955     2.821    -2.000   -10.000
  2975.000   307.075     2.765    -2.000   -10.000
  2995.000   307.195     2.709    -2.000   -10.000
  3015.000   307.315     2.653    -2.000   -10.000
  3035.000   307.435     2.597    -2.000   -10.000
  3055.000   307.555     2.541    -2.000   -10.000
  3075.000   307.675     2.485    -2.000   -10.000
  3095.000   307.795     2.429    -2.000   -10.000
  3115.000   307.915     2.373    -2.000   -10.000
  3135.000   308.035     2.317    -2.000   -10.000
  3155.000   308.155     2.261    -2.000   -10.000
  3175.000   308.275     2.205    -2.000   -10.000
  3195.000   308.395     2.149    -2.000   -10.000
