  1000.0000   300.0000     1.0000     0.0000     0.0000
   100.0000   300.1083     0.9981     1.1662     0.0000
   200.0000   300.2575     0.9955     2.3299     0.0000
   300.0000   300.4275     0.9925     3.4884     0.0000
   400.0000   300.6124     0.9893     4.6392     0.0000
   500.0000   300.8095     0.9859     5.7799     0.0000
   600.0000   301.0167     0.9823     6.9081     0.0000
   700.0000   301.2327     0.9785     8.0216     0.0000
   800.0000   301.4566     0.9746     9.1182     0.0000
   900.0000   301.6877     0.9706    10.1959     0.0000
  1000.0000   301.9253     0.9664    11.2529     0.0000
  1100.0000   302.1689     0.9622    12.2875     0.0000
  1200.0000   302.4181     0.9578    13.2982     0.0000
  1300.0000   302.6725     0.9534    14.2836     0.0000
  1400.0000   302.9319     0.9489    15.2426     0.0000
  1500.0000   303.1960     0.9443    16.1741     0.0000
  1600.0000   303.4645     0.9396    17.0774     0.0000
  1700.0000   303.7373     0.9348    17.9517     0.0000
  1800.0000   304.0140     0.9300    18.7967     0.0000
  1900.0000   304.2947     0.9251    19.6120     0.0000
  2000.0000   304.5791     0.9201    20.3974     0.0000
  2100.0000   304.8671     0.9151    21.1529     0.0000
  2200.0000   305.1585     0.9100    21.8785     0.0000
  2300.0000   305.4532     0.9049    22.5745     0.0000
  2400.0000   305.7512     0.8997    23.2413     0.0000
  2500.0000   306.0523     0.8944    23.8792     0.0000
  2600.0000   306.3564     0.8891    24.4887     0.0000
  2700.0000   306.6634     0.8838    25.0704     0.0000
  2800.0000   306.9733     0.8784    25.6250     0.0000
  2900.0000   307.2860     0.8729    26.1533     0.0000
  3000.0000   307.6014     0.8674    26.6558     0.0000
  3100.0000   307.9194     0.8619    27.1335     0.0000
  3200.0000   308.2400     0.8563    27.5871     0.0000
  3300.0000   308.5632     0.8506    28.0175     0.0000
  3400.0000   308.8887     0.8450    28.4255     0.0000
  3500.0000   309.2167     0.8392    28.8120     0.0000
  3600.0000   309.5471     0.8335    29.1779     0.0000
  3700.0000   309.8797     0.8277    29.5240     0.0000
  3800.0000   310.2146     0.8218    29.8512     0.0000
  3900.0000   310.5517     0.8160    30.1603     0.0000
  4000.0000   310.8910     0.8100    30.4522     0.0000
  4100.0000   311.2324     0.8041    30.7276     0.0000
  4200.0000   311.5759     0.7981    30.9873     0.0000
  4300.0000   311.9214     0.7921    31.2322     0.0000
  4400.0000   312.2690     0.7860    31.4629     0.0000
  4500.0000   312.6185     0.7799    31.6802     0.0000
  4600.0000   312.9700     0.7738    31.8848     0.0000
  4700.0000   313.3234     0.7676    32.0773     0.0000
  4800.0000   313.6787     0.7614    32.2584     0.0000
  4900.0000   314.0358     0.7552    32.4287     0.0000
  5000.0000   314.3948     0.7489    32.5888     0.0000
  5100.0000   314.7555     0.7426    32.7393     0.0000
  5200.0000   315.1181     0.7363    32.8807     0.0000
  5300.0000   315.4823     0.7300    33.0135     0.0000
  5400.0000   315.8484     0.7236    33.1382     0.0000
  5500.0000   316.2161     0.7172    33.2553     0.0000
  5600.0000   316.5854     0.7107    33.3652     0.0000
  5700.0000   316.9565     0.7042    33.4683     0.0000
  5800.0000   317.3291     0.6977    33.5651     0.0000
  5900.0000   317.7034     0.6912    33.6558     0.0000
  6000.0000   318.0793     0.6847    33.7410     0.0000
  6100.0000   318.4567     0.6781    33.8208     0.0000
  6200.0000   318.8357     0.6715    33.8956     0.0000
  6300.0000   319.2162     0.6648    33.9658     0.0000
  6400.0000   319.5982     0.6582    34.0316     0.0000
  6500.0000   319.9818     0.6515    34.0932     0.0000
  6600.0000   320.3668     0.6448    34.1510     0.0000
  6700.0000   320.7532     0.6380    34.2051     0.0000
  6800.0000   321.1411     0.6313    34.2559     0.0000
  6900.0000   321.5305     0.6245    34.3034     0.0000
  7000.0000   321.9212     0.6177    34.3479     0.0000
  7100.0000   322.3134     0.6108    34.3896     0.0000
  7200.0000   322.7069     0.6039    34.4286     0.0000
  7300.0000   323.1018     0.5971    34.4652     0.0000
  7400.0000   323.4980     0.5902    34.4994     0.0000
  7500.0000   323.8956     0.5832    34.5315     0.0000
  7600.0000   324.2946     0.5763    34.5615     0.0000
  7700.0000   324.6948     0.5693    34.5896     0.0000
  7800.0000   325.0963     0.5623    34.6160     0.0000
  7900.0000   325.4992     0.5552    34.6406     0.0000
  8000.0000   325.9033     0.5482    34.6637     0.0000
  8100.0000   326.3086     0.5411    34.6853     0.0000
  8200.0000   326.7152     0.5340    34.7055     0.0000
  8300.0000   327.1231     0.5269    34.7244     0.0000
  8400.0000   327.5322     0.5198    34.7421     0.0000
  8500.0000   327.9425     0.5126    34.7587     0.0000
  8600.0000   328.3540     0.5055    34.7742     0.0000
  8700.0000   328.7668     0.4983    34.7887     0.0000
  8800.0000   329.1807     0.4910    34.8023     0.0000
  8900.0000   329.5958     0.4838    34.8150     0.0000
  9000.0000   330.0120     0.4765    34.8269     0.0000
  9100.0000   330.4294     0.4693    34.8381     0.0000
  9200.0000   330.8480     0.4620    34.8485     0.0000
  9300.0000   331.2677     0.4546    34.8582     0.0000
  9400.0000   331.6885     0.4473    34.8674     0.0000
  9500.0000   332.1105     0.4399    34.8759     0.0000
  9600.0000   332.5335     0.4326    34.8839     0.0000
  9700.0000   332.9577     0.4252    34.8914     0.0000
  9800.0000   333.3829     0.4177    34.8984     0.0000
  9900.0000   333.8093     0.4103    34.9049     0.0000
 10000.0000   334.2367     0.4028    34.9110     0.0000
 10100.0000   334.6652     0.3954    34.9168     0.0000
 10200.0000   335.0947     0.3879    34.9221     0.0000
 10300.0000   335.5254     0.3804    34.9271     0.0000
 10400.0000   335.9570     0.3728    34.9318     0.0000
 10500.0000   336.3897     0.3653    34.9362     0.0000
 10600.0000   336.8234     0.3577    34.9403     0.0000
 10700.0000   337.2582     0.3501    34.9442     0.0000
 10800.0000   337.6939     0.3425    34.9478     0.0000
 10900.0000   338.1307     0.3349    34.9511     0.0000
 11000.0000   338.5685     0.3273    34.9543     0.0000
 11100.0000   339.0073     0.3196    34.9572     0.0000
 11200.0000   339.4470     0.3120    34.9600     0.0000
 11300.0000   339.8878     0.3043    34.9626     0.0000
 11400.0000   340.3295     0.2966    34.9650     0.0000
 11500.0000   340.7722     0.2889    34.9672     0.0000
 11600.0000   341.2159     0.2811    34.9694     0.0000
 11700.0000   341.6605     0.2734    34.9713     0.0000
 11800.0000   342.1060     0.2656    34.9732     0.0000
 11900.0000   342.5526     0.2578    34.9749     0.0000
 12000.0000   343.0000     0.2500    34.9765     0.0000
 12100.0000   344.5755     0.2500    34.9780     0.0000
 12200.0000   346.1582     0.2500    34.9795     0.0000
 12300.0000   347.7482     0.2500    34.9808     0.0000
 12400.0000   349.3455     0.2500    34.9820     0.0000
 12500.0000   350.9501     0.2500    34.9832     0.0000
 12600.0000   352.5621     0.2500    34.9843     0.0000
 12700.0000   354.1815     0.2500    34.9853     0.0000
 12800.0000   355.8083     0.2500    34.9862     0.0000
 12900.0000   357.4426     0.2500    34.9871     0.0000
 13000.0000   359.0845     0.2500    34.9879     0.0000
 13100.0000   360.7338     0.2500    34.9887     0.0000
 13200.0000   362.3908     0.2500    34.9895     0.0000
 13300.0000   364.0553     0.2500    34.9901     0.0000
 13400.0000   365.7275     0.2500    34.9908     0.0000
 13500.0000   367.4074     0.2500    34.9914     0.0000
 13600.0000   369.0950     0.2500    34.9919     0.0000
 13700.0000   370.7903     0.2500    34.9924     0.0000
 13800.0000   372.4934     0.2500    34.9929     0.0000
 13900.0000   374.2044     0.2500    34.9934     0.0000
 14000.0000   375.9232     0.2500    34.9938     0.0000
 14100.0000   377.6499     0.2500    34.9942     0.0000
 14200.0000   379.3845     0.2500    34.9946     0.0000
 14300.0000   381.1271     0.2500    34.9949     0.0000
 14400.0000   382.8777     0.2500    34.9953     0.0000
 14500.0000   384.6364     0.2500    34.9956     0.0000
 14600.0000   386.4031     0.2500    34.9959     0.0000
 14700.0000   388.1780     0.2500    34.9961     0.0000
 14800.0000   389.9610     0.2500    34.9964     0.0000
 14900.0000   391.7521     0.2500    34.9966     0.0000
 15000.0000   393.5515     0.2500    34.9968     0.0000
 15100.0000   395.3592     0.2500    34.9970     0.0000
 15200.0000   397.1752     0.2500    34.9972     0.0000
 15300.0000   398.9995     0.2500    34.9974     0.0000
 15400.0000   400.8322     0.2500    34.9976     0.0000
 15500.0000   402.6733     0.2500    34.9977     0.0000
 15600.0000   404.5229     0.2500    34.9979     0.0000
 15700.0000   406.3810     0.2500    34.9980     0.0000
 15800.0000   408.2476     0.2500    34.9981     0.0000
 15900.0000   410.1228     0.2500    34.9983     0.0000
 16000.0000   412.0066     0.2500    34.9984     0.0000
 16100.0000   413.8990     0.2500    34.9985     0.0000
 16200.0000   415.8001     0.2500    34.9986     0.0000
 16300.0000   417.7100     0.2500    34.9987     0.0000
 16400.0000   419.6286     0.2500    34.9988     0.0000
 16500.0000   421.5561     0.2500    34.9988     0.0000
 16600.0000   423.4924     0.2500    34.9989     0.0000
 16700.0000   425.4376     0.2500    34.9990     0.0000
 16800.0000   427.3917     0.2500    34.9990     0.0000
 16900.0000   429.3549     0.2500    34.9991     0.0000
 17000.0000   431.3270     0.2500    34.9992     0.0000
 17100.0000   433.3082     0.2500    34.9992     0.0000
 17200.0000   435.2985     0.2500    34.9993     0.0000
 17300.0000   437.2979     0.2500    34.9993     0.0000
 17400.0000   439.3065     0.2500    34.9994     0.0000
 17500.0000   441.3243     0.2500    34.9994     0.0000
 17600.0000   443.3514     0.2500    34.9994     0.0000
 17700.0000   445.3879     0.2500    34.9995     0.0000
 17800.0000   447.4336     0.2500    34.9995     0.0000
 17900.0000   449.4888     0.2500    34.9995     0.0000
 18000.0000   451.5534     0.2500    34.9996     0.0000
 18100.0000   453.6275     0.2500    34.9996     0.0000
