    0.0
    5.0
   10.2
   15.6
   21.5
   27.9
   35.0
   42.8
   51.6
   61.3
   72.0
   83.9
   96.9
  111.1
  126.5
  143.1
  160.8
  179.7
  199.7
  220.7
  242.6
  265.3
  288.8
  312.8
  337.4
  362.3
  387.4
  412.6
  437.7
  462.6
  487.2
  511.2
  534.7
  557.4
  579.3
  600.3
  620.3
  639.2
  656.9
  673.5
  688.9
  703.1
  716.1
  728.0
  738.7
  748.4
  757.2
  765.0
  772.1
  778.5
  784.4
  789.8
  795.0
  800.0
  805.0
  810.0
  815.0
  820.0
  825.0
  830.0
  835.0
  840.0
  845.0
  850.0
  855.0
  860.0
  865.0
  870.0
  875.0
  880.0
  885.0
  890.0
  895.0
  900.0
  905.0
  910.0
  915.0
  920.0
  925.0
  930.1
  935.7
  942.2
  950.3
  960.4
  973.0
  988.5
 1007.6
 1030.6
 1058.2
 1090.7
 1128.7
 1172.7
 1223.2
 1280.7
 1345.6
 1418.6
 1500.0
