   -2.6
    2.5
    7.6
   12.9
   18.6
   24.7
   31.4
   38.9
   47.2
   56.4
   66.7
   78.0
   90.4
  104.0
  118.8
  134.8
  152.0
  170.3
  189.7
  210.2
  231.6
  253.9
  277.0
  300.8
  325.1
  349.8
  374.9
  400.0
  425.1
  450.2
  474.9
  499.2
  523.0
  546.1
  568.4
  589.8
  610.3
  629.7
  648.0
  665.2
  681.2
  696.0
  709.6
  722.0
  733.3
  743.6
  752.8
  761.1
  768.6
  775.3
  781.4
  787.1
  792.4
  797.5
  802.5
  807.5
  812.5
  817.5
  822.5
  827.5
  832.5
  837.5
  842.5
  847.5
  852.5
  857.5
  862.5
  867.5
  872.5
  877.5
  882.5
  887.5
  892.5
  897.5
  902.5
  907.5
  912.5
  917.5
  922.5
  927.5
  932.9
  939.0
  946.3
  955.4
  966.7
  980.7
  998.1
 1019.1
 1044.4
 1074.4
 1109.7
 1150.7
 1198.0
 1251.9
 1313.2
 1382.1
 1459.3
