    0.00     1.86   293.75     0.00     0.00
    6.00     1.86   294.16     0.00     0.00
   12.00     1.86   294.55     0.00     0.00
   18.00     1.86   295.08     0.00     0.00
   24.00     1.86   295.57     0.00     0.00
   30.00     1.86   296.10     0.00     0.00
   36.00     1.86   296.55     0.00     0.00
   42.00     1.86   297.02     0.00     0.00
   48.00     1.86   297.54     0.00     0.00
   54.00     1.86   298.06     0.00     0.00
   60.00     1.86   298.44     0.00     0.00
   66.00     1.86   298.80     0.00     0.00
   72.00     1.86   299.17     0.00     0.00
   78.00    -0.48   299.53     0.00     0.00
   84.00    -1.27   299.87     0.00     0.00
   90.00    -1.93   300.02     0.00     0.00
   96.00    -3.26   300.13     0.00     0.00
  102.00    -3.90   300.32     0.00     0.00
  108.00    -4.54   300.49     0.00     0.00
  114.00    -4.48   300.58     0.00     0.00
  120.00    -4.96   300.63     0.00     0.00
  126.00    -5.12   300.69     0.00     0.00
  132.00    -5.43   300.74     0.00     0.00
  138.00    -5.77   300.76     0.00     0.00
  144.00    -6.08   300.82     0.00     0.00
