 1016.81   290.97    10.46    -2.25    -5.69
  902.52   290.97    10.46    -2.25    -4.42
  945.54   302.13     4.12    -2.25    -4.34
  992.47   302.42     4.10    -2.25    -4.27
 1039.40   302.72     4.08    -2.25    -4.19
 1087.63   303.01     4.06    -2.25    -4.12
 1135.85   303.30     4.04    -2.25    -4.04
 1184.08   303.60     4.02    -2.25    -3.97
 1232.30   303.89     4.00    -2.25    -3.89
 1280.53   304.19     3.99    -2.25    -3.82
 1330.25   304.48     3.97    -2.25    -3.74
 1379.96   304.78     3.95    -2.25    -3.66
 1429.68   305.07     3.93    -2.25    -3.59
 1479.40   305.36     3.91    -2.25    -3.51
 1529.12   305.66     3.89    -2.25    -3.44
 1580.19   305.95     3.87    -2.25    -3.36
 1631.27   306.25     3.85    -2.25    -3.29
 1682.35   306.54     3.83    -2.25    -3.21
 1733.42   306.84     3.81    -2.25    -3.14
 1784.50   307.13     3.79    -2.25    -3.06
 1837.11   307.42     3.77    -2.25    -2.99
 1889.71   307.72     3.76    -2.25    -2.91
 1942.31   308.01     3.74    -2.25    -2.84
 1994.92   308.31     3.72    -2.25    -2.76
 2047.52   308.60     3.70    -2.25    -2.69
 2101.45   308.90     3.68    -2.25    -2.61
 2155.37   309.19     3.66    -2.25    -2.54
 2209.30   309.48     3.64    -2.25    -2.46
 2263.23   309.78     3.62    -2.25    -2.39
 2317.15   310.07     3.60    -2.25    -2.31
 2372.47   310.37     3.58    -2.25    -2.24
 2427.78   310.66     3.56    -2.25    -2.16
 2483.09   310.96     3.54    -2.25    -2.09
 2538.40   311.25     3.53    -2.25    -2.01
 2593.72   311.54     3.51    -2.25    -1.94
 2651.45   311.84     3.49    -2.25    -1.86
 2709.19   312.13     3.47    -2.25    -1.79
 2766.93   312.43     3.45    -2.25    -1.71
 2824.66   312.72     3.43    -2.25    -1.64
 2882.40   313.02     3.41    -2.25    -1.56
 2940.14   313.31     3.39    -2.25    -1.49
 2997.87   313.60     3.37    -2.25    -1.41
 3055.61   313.90     3.35    -2.25    -1.34
 3113.35   314.19     3.33    -2.25    -1.26
 3171.08   314.49     3.32    -2.25    -1.18
