     297.260    62
       4.944     236.265  0.237E-05  0.914E-05   0.
      14.833     226.196  0.204E-05  0.103E-04   0.
      24.721     220.251  0.192E-05  0.783E-05   0.
      34.609     216.025  0.189E-05  0.583E-05   0.
      44.498     212.221  0.191E-05  0.424E-05   0.
      54.386     208.919  0.199E-05  0.306E-05   0.
      64.275     206.216  0.221E-05  0.222E-05   0.
      74.163     203.153  0.250E-05  0.162E-05   0.
      84.051     199.751  0.269E-05  0.121E-05   0.
      93.940     196.925  0.279E-05  0.938E-06   0.
     103.829     196.093  0.302E-05  0.755E-06   0.
     113.717     196.866  0.360E-05  0.629E-06   0.
     123.606     198.931  0.467E-05  0.562E-06   0.
     133.496     201.455  0.616E-05  0.510E-06   0.
     143.386     204.100  0.816E-05  0.470E-06   0.
     153.360     206.807  0.107E-04  0.435E-06   0.
     163.726     209.544  0.142E-04  0.391E-06   0.
     174.728     212.363  0.187E-04  0.349E-06   0.
     186.399     215.306  0.247E-04  0.311E-06   0.
     198.775     218.414  0.323E-04  0.275E-06   0.
     211.895     221.637  0.416E-04  0.244E-06   0.
     225.797     224.956  0.532E-04  0.225E-06   0.
     240.523     228.333  0.675E-04  0.208E-06   0.
     256.116     231.760  0.850E-04  0.187E-06   0.
     272.622     235.182  0.108E-03  0.167E-06   0.
     290.086     238.590  0.141E-03  0.152E-06   0.
     308.558     241.972  0.187E-03  0.143E-06   0.
     328.089     245.338  0.236E-03  0.134E-06   0.
     348.733     248.776  0.289E-03  0.125E-06   0.
     370.545     252.305  0.342E-03  0.116E-06   0.
     393.583     255.826  0.396E-03  0.109E-06   0.
     417.900     259.305  0.451E-03  0.104E-06   0.
     443.533     262.699  0.488E-03  0.978E-07   0.
     470.379     265.953  0.495E-03  0.920E-07   0.
     498.197     268.918  0.537E-03  0.868E-07   0.
     526.728     271.469  0.649E-03  0.826E-07   0.
     555.693     273.615  0.867E-03  0.786E-07   0.
     584.808     275.581  0.125E-02  0.753E-07   0.
     613.851     277.592  0.170E-02  0.723E-07   0.
     642.671     279.648  0.210E-02  0.696E-07   0.
     671.142     281.587  0.244E-02  0.676E-07   0.
     699.143     283.320  0.289E-02  0.657E-07   0.
     726.535     284.861  0.348E-02  0.639E-07   0.
     753.169     286.345  0.399E-02  0.621E-07   0.
     778.929     287.644  0.466E-02  0.605E-07   0.
     803.710     288.540  0.570E-02  0.590E-07   0.
     827.392     289.130  0.713E-02  0.576E-07   0.
     849.853     289.483  0.862E-02  0.564E-07   0.
     871.005     289.764  0.102E-01  0.553E-07   0.
     890.781     290.461  0.113E-01  0.544E-07   0.
     909.107     291.269  0.121E-01  0.536E-07   0.
     925.907     292.058  0.129E-01  0.528E-07   0.
     941.143     292.824  0.136E-01  0.521E-07   0.
     954.807     293.549  0.143E-01  0.515E-07   0.
     966.898     294.250  0.148E-01  0.509E-07   0.
     977.412     295.021  0.151E-01  0.505E-07   0.
     986.379     295.744  0.153E-01  0.502E-07   0.
     994.057     296.397  0.154E-01  0.499E-07   0.
    1000.598     296.950  0.155E-01  0.497E-07   0.
    1005.888     297.401  0.156E-01  0.495E-07   0.
    1009.915     297.755  0.157E-01  0.494E-07   0.
    1012.821     298.040  0.160E-01  0.493E-07   0.
