       0.000  0.000E+00  0.000E+00  0.000E+00
      10.922 -0.184E-04 -0.119E-07 -0.126E-04
      36.227 -0.611E-04 -0.119E-07 -0.126E-04
      71.386 -0.121E-03 -0.119E-07 -0.127E-04
     117.716 -0.199E-03 -0.119E-07 -0.127E-04
     175.241 -0.297E-03 -0.119E-07 -0.127E-04
     243.113 -0.412E-03 -0.118E-07 -0.127E-04
     322.854 -0.547E-03 -0.118E-07 -0.128E-04
     417.030 -0.706E-03 -0.118E-07 -0.128E-04
     526.320 -0.888E-03 -0.118E-07 -0.129E-04
     651.148 -0.109E-02 -0.118E-07 -0.129E-04
     792.065 -0.132E-02 -0.118E-07 -0.130E-04
     949.684 -0.157E-02 -0.118E-07 -0.130E-04
    1124.414 -0.182E-02 -0.942E-08 -0.122E-04
    1316.432 -0.209E-02 -0.439E-08 -0.104E-04
    1526.172 -0.235E-02  0.953E-09 -0.838E-05
    1754.234 -0.261E-02  0.660E-08 -0.623E-05
    2000.871 -0.284E-02  0.125E-07 -0.392E-05
    2265.966 -0.303E-02  0.912E-08 -0.202E-05
    2549.406 -0.316E-02  0.598E-08 -0.651E-06
    2851.266 -0.325E-02  0.578E-08 -0.759E-06
    3171.661 -0.334E-02  0.547E-08 -0.186E-07
    3510.372 -0.341E-02  0.369E-08  0.196E-05
    3867.146 -0.347E-02  0.338E-08  0.378E-05
    4242.003 -0.352E-02  0.398E-08  0.361E-05
    4635.009 -0.355E-02  0.385E-08  0.126E-05
    5046.012 -0.357E-02  0.257E-08 -0.621E-06
    5473.536 -0.357E-02  0.128E-08  0.377E-06
    5914.404 -0.354E-02  0.591E-09  0.245E-05
    6364.613 -0.349E-02  0.123E-09  0.443E-05
    6819.729 -0.341E-02  0.140E-09  0.654E-05
    7274.941 -0.332E-02  0.360E-09  0.835E-05
    7727.322 -0.321E-02  0.395E-09  0.972E-05
    8176.274 -0.308E-02  0.368E-09  0.110E-04
    8621.559 -0.294E-02  0.357E-09  0.115E-04
    9063.191 -0.279E-02  0.319E-09  0.119E-04
    9501.269 -0.262E-02  0.291E-09  0.132E-04
    9935.771 -0.244E-02  0.229E-09  0.136E-04
   10366.624 -0.226E-02  0.141E-09  0.136E-04
   10793.725 -0.206E-02  0.957E-10  0.136E-04
   11216.991 -0.185E-02  0.690E-10  0.135E-04
   11636.419 -0.163E-02  0.503E-10  0.127E-04
   12052.049 -0.140E-02  0.352E-10  0.108E-04
   12463.960 -0.116E-02  0.236E-10  0.845E-05
   12872.299 -0.911E-03  0.153E-10  0.610E-05
   13277.269 -0.652E-03  0.843E-11  0.433E-05
   13679.104 -0.381E-03  0.373E-11  0.271E-05
   14077.937 -0.984E-04  0.734E-12  0.109E-05
   14482.606  0.000E+00  0.000E+00 -0.157E-05
   14907.081  0.000E+00  0.000E+00 -0.489E-05
   15358.394  0.000E+00  0.000E+00 -0.850E-05
   15841.736  0.000E+00  0.000E+00 -0.120E-04
   16365.288  0.000E+00  0.000E+00 -0.139E-04
   16941.350  0.000E+00  0.000E+00 -0.132E-04
   17587.510  0.000E+00  0.000E+00 -0.980E-05
   18326.041  0.000E+00  0.000E+00 -0.628E-05
   19183.934  0.000E+00  0.000E+00 -0.460E-05
   20199.566  0.000E+00  0.000E+00 -0.452E-05
   21437.242  0.000E+00  0.000E+00 -0.303E-05
   23013.375  0.000E+00  0.000E+00 -0.883E-06
   25163.174  0.000E+00  0.000E+00 -0.473E-06
   28503.072  0.000E+00  0.000E+00 -0.607E-05
   35943.617  0.000E+00  0.000E+00 -0.109E-03
