    1014.078     296.076      15.983       0.000       0.000
      10.922     296.958      15.983      -7.383      -2.742
      36.227     296.917      15.727      -7.954      -2.938
      71.386     296.903      15.598      -8.246      -3.026
     117.716     296.899      15.504      -8.466      -3.083
     175.241     296.902      15.413      -8.674      -3.123
     243.113     296.904      15.301      -8.897      -3.147
     322.854     296.953      15.101      -9.137      -3.137
     417.030     297.092      14.789      -9.339      -3.043
     526.320     297.453      14.307      -9.405      -2.858
     651.148     297.941      13.631      -9.413      -2.624
     792.065     298.551      12.874      -9.343      -2.357
     949.684     299.305      12.120      -9.132      -2.079
    1124.414     300.216      11.292      -8.813      -1.815
    1316.432     301.422      10.245      -8.481      -1.557
    1526.172     303.252       8.618      -8.073      -1.244
    1754.234     305.208       7.130      -7.630      -0.979
    2000.871     307.122       5.696      -7.216      -0.720
    2265.966     308.919       4.656      -6.824      -0.514
    2549.406     310.492       3.994      -6.491      -0.436
    2851.266     312.076       3.478      -6.144      -0.372
    3171.661     313.813       2.891      -5.712      -0.292
    3510.372     315.556       2.442      -5.265      -0.210
    3867.146     317.287       2.099      -4.806      -0.138
    4242.003     319.109       1.703      -4.459      -0.127
    4635.009     321.213       1.251      -4.207      -0.270
    5046.012     323.608       0.867      -3.916      -0.547
    5473.536     326.016       0.649      -3.540      -0.877
    5914.404     328.129       0.537      -3.035      -1.113
    6364.613     329.881       0.495      -2.403      -1.172
    6819.729     331.360       0.488      -1.741      -0.922
    7274.941     332.687       0.451      -1.144      -0.456
    7727.322     333.893       0.396      -0.382      -0.115
    8176.274     335.020       0.342       0.600       0.045
    8621.559     336.107       0.289       1.778       0.164
    9063.191     337.290       0.236       3.036       0.330
    9501.269     338.545       0.187       4.161       0.535
    9935.771     339.751       0.141       5.154       0.675
   10366.624     340.891       0.108       5.905       0.835
   10793.725     341.976       0.085       6.495       1.021
   11216.991     343.019       0.067       7.062       1.157
   11636.419     344.099       0.053       7.656       1.177
   12052.049     345.232       0.042       8.206       1.135
   12463.960     346.478       0.032       8.617       1.138
   12872.299     347.877       0.025       8.841       1.167
   13277.269     349.518       0.019       8.914       1.221
   13679.104     351.344       0.014       8.952       1.342
   14077.937     353.294       0.011       8.950       1.484
   14482.606     355.430       0.008       8.779       1.513
   14907.081     358.059       0.006       8.258       1.478
   15358.394     361.431       0.005       7.074       1.431
   15841.736     366.301       0.004       5.069       1.432
   16365.288     374.467       0.003       1.904       1.227
   16941.350     386.961       0.003      -2.713       1.003
   17587.510     405.184       0.003      -7.491       1.084
   18326.041     427.083       0.003     -11.571       0.949
   19183.934     451.607       0.002     -14.483       0.685
   20199.566     479.886       0.002     -16.946       0.384
   21437.242     516.226       0.002     -19.945       0.199
   23013.375     564.584       0.002     -23.548       0.252
   25163.174     633.692       0.002     -27.675      -0.199
   28503.072     753.021       0.002     -28.826      -0.094
   35943.617    1076.449       0.002     -28.836      -0.447
