    0.0
   15.0
   30.0
   45.0
   60.0
   75.0
   90.0
  103.7
  116.2
  127.6
  138.1
  147.6
  156.3
  164.2
  171.5
  178.1
  184.2
  189.7
  194.8
  199.8
  204.8
  209.8
  214.8
  219.8
  224.8
  229.8
  234.8
  239.8
  244.8
  249.8
  254.8
  259.8
  264.8
  269.8
  274.8
  279.8
  284.8
  289.8
  294.8
  299.8
  304.8
  309.8
  314.8
  319.8
  324.8
  329.8
  334.8
  339.8
  344.8
  349.8
  354.8
  359.8
  364.8
  369.8
  374.8
  379.8
  384.8
  389.8
  394.8
  399.8
  404.8
  409.8
  414.8
  419.8
  424.8
  429.8
  434.8
  439.8
  444.8
  449.8
  454.8
  459.8
  464.8
  469.8
  474.8
  479.8
  484.8
  489.8
  494.8
  499.8
  504.8
  509.8
  514.8
  519.8
  524.8
  529.8
  534.8
  539.8
  544.8
  549.8
  554.8
  559.8
  564.8
  569.8
  574.8
  579.8
  584.8
  589.8
  594.8
  599.8
  604.8
  609.8
  614.8
  619.8
  624.8
  629.8
  634.8
  639.8
  644.8
  649.8
  654.8
  659.8
  664.8
  669.8
  674.8
  679.8
  684.8
  689.8
  694.8
  699.8
  704.8
  709.8
  714.8
  719.8
  724.8
  729.8
  734.8
  739.8
  744.8
  749.8
  754.8
  759.8
  764.8
  769.8
  774.8
  779.8
  784.8
  789.8
  794.8
  799.8
  804.8
  809.8
  814.8
  819.8
  824.8
  829.8
  834.8
  839.8
  844.8
  849.8
  854.8
  859.8
  864.8
  869.8
  874.8
  879.8
  884.8
  889.8
  894.8
  899.8
  904.8
  909.8
  914.8
  919.8
  924.8
  930.3
  936.3
  943.0
  950.2
  958.2
  966.9
  976.4
  986.8
  998.3
 1010.8
 1024.5
 1039.5
 1055.9
 1073.9
 1093.6
 1115.1
 1138.7
 1164.6
 1192.9
 1223.9
 1257.9
 1295.0
 1335.7
 1380.3
 1429.1
 1482.6
 1541.1
 1605.2
